0.000132253947485
0.000144788099655
0.000141804020044
0.000137950629877
0.00012981562485
0.000132014386956
0.000146851104416
0.000147397035527
0.000142801402291
0.000143608808097
0.000149428715004
0.000135599705694
0.000136819117777
0.000135179171389
0.000146870309852
0.000140215575163
0.000151394857603
0.000140584194058
0.000146871732449
0.000139273633544
0.000132558466323
0.000150202076402
0.000127251166687
0.000135960244604
0.000148395469657
0.000138911579173
0.000140254324567
0.000160031168855
0.000139603099687
0.000147862273519
0.000141723063852
0.000146785895247
0.000160972688136
0.000130822539213
0.000140189442202
0.000136081709221
0.000132925687201
0.00013956512278
0.000133530522327
0.000137192366075
0.000128592116026
0.000159402397791
0.000138002779734
0.000133872742457
0.000130115731812
0.000136041233483
0.000134729479109
0.000132000275262
0.000152815579531
0.000144659142941
0.000145428052809
0.000131339254973
0.000144636686335
0.000143296498132
0.000137233880767
0.000136729259425
0.000139701500393
0.00014598915929
0.000132626087464
0.000138853292533
0.000142789747603
0.00014153521493
0.000139885581569
0.000144326824277
0.000138546524801
0.000137819213652
0.00014117295318
0.000151373457933
0.00014657900971
0.00015180931676
0.000131475937817
0.00013906648663
0.000151328055329
0.000126923748661
0.000131616343428
0.000128989814901
0.000138704571767
0.000149273349333
0.000149122898989
0.000131311633277
0.000131918328554
0.000157082936607
0.000134183628847
0.000132128027228
0.00013886268986
0.000131882586285
0.000128957123607
0.000145758717494
0.000130741660631
0.000151923785152
0.000139898744453
0.000144012734163
0.000140982267211
0.000140285138259
0.000139556629962
0.000143926761031
0.000132975822302
0.000142948553297
0.00013723295571
0.000136374283445
0.000140236901864
