0.000141793897864
0.000124629575734
0.000135645572193
0.000148537818353
0.000152452997821
0.000128369518223
0.000148328842103
0.000130668538531
0.000157733376472
0.000127471888236
0.000138443602602
0.000143050836151
0.0001345510964
0.000140346003321
0.0001317241629
0.000146903582391
0.000133937646489
0.000139123978984
0.00013705212513
0.000135624643416
0.000123422970848
0.000128493532953
0.000128756037832
0.000148836900077
0.000136893635761
0.000132139765281
0.000146789481918
0.000134092279395
0.000133146544825
0.000125561099146
0.000139582432431
0.000135025316607
0.000143968244307
0.000140605829397
0.000145124787605
0.000144508762754
0.000131827602841
0.000142205004093
0.000135014318183
0.000142745509157
0.000143785333765
0.000150488028288
0.00013374503787
0.000129963930438
0.000148593962878
0.000135153234198
0.000120575303829
0.000133558169764
0.000137815924092
0.000139224231203
0.000138738054242
0.000146190894373
0.000142935039137
0.000143690331813
0.000142580337258
0.000136036919992
0.000137196781484
0.000141913210962
0.00012779911287
0.00014527464835
0.000152870154094
0.000128844952008
0.000141028557364
0.000139677094429
0.000131762074482
0.000135671980218
0.000129724010547
0.000143004788111
0.000138363965482
0.000133460706212
0.000142176633525
0.000141064280883
0.00014288503449
0.000129154077026
0.00013173806981
0.000130114395916
0.000139132931907
0.000139746715327
0.000145719471612
0.000139160535685
0.00012801297476
0.000133671630999
0.000138890302467
0.000145272229953
0.00013618701298
0.000155833171576
0.000131404908592
0.000146542660589
0.000138621460442
0.000137630804049
0.000134718936784
0.000134054289129
0.000138426251681
0.000145927615981
0.000141380434867
0.000130523207228
0.000137281809563
0.000132809361776
0.000138664620285
0.000133736844362
0.000138052792027
