0.000129850288592
0.000130581824163
0.000128354443448
0.000114798849511
0.000121770069646
0.000122100780514
0.000137411111036
0.000141260652376
0.00013881842424
0.000137254870358
0.000132185960389
0.000133685013264
0.000131731804503
0.000137060563709
0.000138914377716
0.000140127993494
0.000132989379669
0.000144542403045
0.000121745823995
0.000114976052582
0.00012916169372
0.000120170035946
0.000125588825545
0.000139828093691
0.000147389325304
0.00011959018545
0.000115356012157
0.000131280617529
0.000119980436613
0.000130067087133
0.000125793911865
0.000135267837283
0.00011533344148
0.000126660658556
0.00013147314114
0.000122692074658
0.000123184607706
0.000135932249098
0.000125774192587
0.00013306343073
0.000131135127354
0.000127091230535
0.00014233171925
0.000136608176222
0.000135752670276
0.000122172970657
0.000135768355932
0.00011862335968
0.000130004388833
0.00013521258119
0.000131348745959
0.00013768642162
0.000123633783054
0.000143147665058
0.000130617015208
0.00012283613883
0.000134981913463
0.000121052124139
0.00013461288028
0.000133795257061
0.000128278691202
0.000123526847213
0.000118066910976
0.000120445246336
0.000133979311024
0.000130660679118
0.000135341890564
0.000133321284454
0.000130393295687
0.000132020754038
0.000122404343378
0.000123805595563
0.000125809860134
0.000142287875894
0.000145007340019
0.000122326096369
0.000137503909071
0.000133442635221
0.000137632613915
0.000142757953974
0.000136058503508
0.000140313745744
0.000141925186526
0.000126769398061
0.000127337205467
0.000133813622012
0.000122236584894
0.000133260590174
0.00013977902174
0.00012129746378
0.000130157874375
0.000125903657678
0.000127795098029
0.000140519045095
0.000117328456941
0.000130241205635
0.000120112866985
0.000125629529082
0.00012823413229
0.00012918005691
0.000130290674481
