0.000124992020143
0.000129885237483
0.000122298242356
0.000122131749052
0.000134068305961
0.000135912702764
0.000142944919275
0.000142222686154
0.000143841352686
0.000138132481319
0.000127417437841
0.000127081283227
0.000126908476805
0.000122110503573
0.000120947321248
0.000121233218564
0.000125217807561
0.000137126841637
0.000125562763962
0.00013267195413
0.000131404520288
0.000138180874442
0.000129193528806
0.000142259165799
0.000140647511259
0.000129112311842
0.000126901756933
0.000132986151632
0.000129907946697
0.000130058185946
0.00013973504296
0.000132994317285
0.000143276994036
0.000120974303782
0.000133789763462
0.000132706611376
0.000136678391872
0.00012928123415
0.000131537736099
0.000134636702235
0.000126743319334
0.000129620730034
0.000130327068467
0.000125034082567
0.000120602249693
0.000135501630379
0.000138247928989
0.000131600110104
0.000133142670046
0.000140732958577
0.000128852742333
0.000128544624888
0.00012867667243
0.000142324586107
0.000123229484789
0.000135690516849
0.000134767776792
0.000126544250301
0.000120753104785
0.000136419074943
0.000134599011636
0.000134326734302
0.000129357869479
0.000128946733819
0.000132045192506
0.000125225040446
0.000136429467726
0.000133989035503
0.00012874794241
0.000123239248246
0.000135590789402
0.000127037406126
0.000135226631115
0.00012422232687
0.000129040879147
0.000131048893386
0.000117426180911
0.000123890035072
0.000126013809524
0.000137521440243
0.000152780421435
0.000131855753265
0.000123668979215
0.000135067677125
0.000139623331247
0.000129451109049
0.000131021102397
0.000135376908305
0.000128011590964
0.000136149544171
0.000131967454073
0.000134786819001
0.000137871229834
0.000123806184919
0.000122632821573
0.00012503810108
0.000133745533712
0.000134518662989
0.000126429824521
0.000124029321658
0.000131180829774
