0.000174438202247
0.000160393258427
0.000177528089888
0.00017191011236
0.000160674157303
0.000151966292135
0.000169943820225
0.000162640449438
0.000164325842697
0.000160112359551
0.000174719101124
0.000154775280899
0.00016095505618
0.000155337078652
0.000148595505618
0.000170505617978
0.000157303370787
0.000179213483146
0.000179213483146
0.000155898876404
0.000161516853933
0.000153651685393
0.000148314606742
0.000164887640449
0.00017106741573
0.000154213483146
0.000161797752809
0.000171348314607
0.000148595505618
0.000170224719101
0.000152528089888
0.000173033707865
0.00015702247191
0.000163202247191
0.000161797752809
0.000185393258427
0.000141853932584
0.000161516853933
0.000168539325843
0.00015702247191
0.000160393258427
0.000154494382022
0.000166853932584
0.000163483146067
0.000166011235955
0.000161797752809
0.00016797752809
0.000160393258427
0.000178370786517
0.000160393258427
0.000155617977528
0.000166853932584
0.000156741573034
0.000179213483146
0.000168539325843
0.000170786516854
0.000169943820225
0.000184831460674
0.000168820224719
0.000168539325843
0.000147752808989
0.00015
0.000164606741573
0.000181741573034
0.000174157303371
0.000168820224719
0.000175
0.000158426966292
0.000169943820225
0.000173314606742
0.000156741573034
0.000177247191011
0.000158707865169
0.000170224719101
0.000163202247191
0.000164325842697
0.000159269662921
0.000169662921348
0.000182303370787
0.000174157303371
0.000169382022472
0.000143820224719
0.000161797752809
0.000175842696629
0.000162640449438
0.00017893258427
0.00016404494382
0.000169943820225
0.000164887640449
0.000164325842697
0.000166853932584
0.00017191011236
0.000165168539326
0.000177247191011
0.000160674157303
0.000169662921348
0.00017106741573
0.000163764044944
0.000173033707865
0.000168820224719
0.000165314606742
