0.000134730179995
0.000135045772036
0.000124032134424
0.000130109583232
0.000127427038821
0.000121213934375
0.00013325469984
0.000128191246014
0.000140667453358
0.000129180221196
0.000131758727529
0.000133874491843
0.00013193545313
0.000133041165794
0.000142513140387
0.000126845653771
0.000121592051753
0.000118060731002
0.000132871954683
0.0001428953676
0.000129106588399
0.000133420362942
0.00012615667333
0.000116806205739
0.000121393730267
0.000129932613987
0.00012396537428
0.000127513018559
0.000137850070189
0.000141136476901
0.000120622860439
0.000122409959327
0.000131023684555
0.000132945631292
0.000135279787704
0.000126826181962
0.000132554327949
0.000126978289535
0.000127371810365
0.000131571553949
0.00011807622943
0.000125054544743
0.000127169906521
0.000138895807063
0.000133832959983
0.000131703695278
0.000135537621783
0.000130023228322
0.000126082769731
0.000130978983141
0.000132522849453
0.000120572257208
0.000135641249173
0.000117627248938
0.000146984245629
0.000126226099537
0.000137202954856
0.000126449222232
0.000118540448395
0.000123949550767
0.000133028057455
0.000127777277565
0.000135096387868
0.000127893088892
0.000124846505997
0.000122399806927
0.000125340841148
0.000128112494732
0.000134554824518
0.000120603235472
0.000139314916867
0.000119359236074
0.000124107857515
0.000119822944713
0.000115911130103
0.000125145656842
0.000125182247878
0.000123114492726
0.000139033712351
0.000135700918643
0.000131451514289
0.000132190102512
0.000140438347093
0.000129693443657
0.000121237892744
0.000127672601763
0.000129278556435
0.000118181609811
0.000139156521123
0.000120827873399
0.000127932676205
0.000130068692326
0.000133448259764
0.00013471744425
0.000141296091659
0.000133553212345
0.00013958499767
0.00012235538542
0.00013073327186
0.000127012775392
0.000129343549786
