0.000146414066379
0.000120003583678
0.000132240204245
0.000129355052807
0.000129992232572
0.00012692761739
0.000131514003911
0.000131378151433
0.000132725095614
0.000125165667763
0.000135114144938
0.000126741980945
0.000128781106222
0.000136166316516
0.000136560130017
0.000133005688089
0.00012551950425
0.00012875495093
0.000124809633668
0.000124804744925
0.000120670601664
0.000119833019678
0.000128996252852
0.000117619705533
0.000125415277908
0.000129948101455
0.000132444912654
0.000124976898451
0.000143746746389
0.000135775750222
0.000122341257788
0.000131333799983
0.000126103950119
0.000132478432505
0.000133587860851
0.000140018442316
0.000125884697087
0.000141355407005
0.000135129500996
0.000134403787854
0.000136086563202
0.000120689895047
0.000127215688991
0.000139286312401
0.00012288815927
0.000127673909422
0.000133224074929
0.000145149519386
0.00012823684981
0.000136406543223
0.000130640944806
0.000135861393228
0.000136550545656
0.000131718067806
0.000121143367739
0.000127835164458
0.000112027081784
0.000121773891382
0.000128860606324
0.00012861805268
0.0001187885806
0.000134168756101
0.000118439934654
0.000129283587616
0.000134704957978
0.000123307459335
0.000136551582207
0.000127715321136
0.00013625739673
0.000132422869564
0.000128057111047
0.000139630157098
0.000132189486878
0.000137719363856
0.000116519412699
0.000120113850085
0.000124231206284
0.000121668129889
0.000130367965431
0.000122181032419
0.000133784515446
0.000132767329741
0.000138153354139
0.000118173800208
0.000125846862198
0.000122770003124
0.0001257873341
0.000140083606116
0.000128284458942
0.000134376643982
0.000141791845044
0.000127193029743
0.000134584905259
0.000129839966999
0.000130511757109
0.000128630574729
0.000128089116471
0.000143075949311
0.000138868147457
0.000130127255984
0.000129969835289
