0.000125881784443
0.000132011326494
0.000133348682939
0.000148240741398
0.000124414909167
0.000140341742292
0.000125709217334
0.000118202229595
0.000135394467191
0.000134597170834
0.000143926243252
0.000129831673586
0.00013878553299
0.000134782286997
0.000140043306377
0.000135195308439
0.000135747698447
0.000121211913804
0.000139433647633
0.000122660195706
0.000133951645012
0.000122041876391
0.000123007504873
0.000143665707443
0.000118399856871
0.000139548988926
0.000135415980978
0.000136809012196
0.000134035563256
0.000125782929722
0.000116299562482
0.000143986213021
0.000138093446321
0.000126327999699
0.000121467700803
0.000133824811994
0.00013417861339
0.000129699487369
0.000124983510753
0.000145989994681
0.000132121058981
0.000132853242475
0.000141492849352
0.000136206061157
0.000127163232201
0.000132793453432
0.000137189318547
0.000123352179345
0.000124682408853
0.000129138328412
0.000123789168372
0.000133531212446
0.000133326780845
0.000128061086525
0.000124879624147
0.000134695057189
0.000126544354084
0.00012591401221
0.000133958038214
0.000147018282826
0.000127292559678
0.000138952963866
0.00014906973265
0.000134183306906
0.000132787602866
0.000133050261776
0.000139424614991
0.000143642684456
0.000138467303286
0.000117973624781
0.000124339348159
0.000126296154759
0.00012907012711
0.000126742073646
0.000133634470175
0.000132278223542
0.000133186538557
0.000152399868707
0.000124616948423
0.000134260681449
0.000138718789351
0.000145703068411
0.000134849815774
0.000135847030665
0.000126906013895
0.000128280145415
0.000131697781034
0.000133346052575
0.000136796217541
0.000131797639755
0.000125263663915
0.000120083426886
0.000130201934478
0.000124011012072
0.000137469664869
0.000142250090782
0.000136708728346
0.000136410792887
0.000126281199401
0.000135938709008
0.000132462111016
