0.000131776650975
0.000139200594799
0.000133834709608
0.000126691454189
0.000134507418785
0.000122272854272
0.000122261915441
0.000130332669723
0.000130964758408
0.000116555113994
0.000133953793425
0.000148532950827
0.000139844498425
0.000135772611031
0.000129318040581
0.000133616547364
0.000135492592742
0.000125431742106
0.000127698485745
0.000128412529037
0.000133583821387
0.000119994112784
0.000124255048689
0.000136262192808
0.000131688395041
0.000129480636732
0.000126937176269
0.00013462496781
0.000126267321933
0.000121818670612
0.000139666186047
0.000126613365926
0.000140833690859
0.000137022824312
0.000127824374646
0.000127866581915
0.000129905430831
0.00012589024063
0.00012670067372
0.000134186008613
0.000130491168119
0.000136819938971
0.000129119493216
0.000143021233583
0.000139899650855
0.000134275468547
0.000144387804848
0.000139472819208
0.000121832516057
0.000128190060293
0.000126242882264
0.000141388291269
0.000130267547582
0.000143639695439
0.000128063078928
0.000142018891796
0.000123369924307
0.000149738068116
0.000135025827363
0.000132742326245
0.000140108456417
0.000132252282293
0.000124009866447
0.000130440863946
0.000135161054219
0.000120582585086
0.000128763341088
0.000120081123117
0.000126488438254
0.000129123310486
0.000136646938364
0.000128025577259
0.000124200840749
0.000140389813585
0.000125864119885
0.000131715114675
0.000124945584534
0.000127004689052
0.000133539494511
0.000127426115945
0.000132498883308
0.000134038843162
0.000138821718946
0.000142432164146
0.000133701685657
0.000116974943329
0.000143336134253
0.000131232430891
0.000125718270397
0.000146534855671
0.000131040746419
0.000125694117181
0.000127804360395
0.00011797088186
0.000129410950144
0.000131433281918
0.000142215451287
0.000123541048608
0.000126209398201
0.000126497965362
0.000131417780811
