0.000137269859704
0.000123390595069
0.00014323081168
0.000131350448375
0.000132661829705
0.000142515368246
0.000139046964188
0.000139027381867
0.000132286642278
0.000141551939885
0.000141829899947
0.000115709100218
0.000125962501732
0.000136519543267
0.000133648243124
0.000121400704674
0.000138243240756
0.000139720663067
0.000138923076064
0.000144465850095
0.000134696063435
0.000130391440772
0.000136237904772
0.00013870434092
0.000125059549716
0.000139895290938
0.000131146440151
0.000125412951922
0.00014484915823
0.000136867458885
0.000136896409447
0.000132156994577
0.000135362447638
0.000128273208649
0.00013921584133
0.000130268402381
0.000127141068387
0.000132146774907
0.000137729843658
0.00013026544526
0.000127268746097
0.000124858042713
0.000134903846433
0.000133985917449
0.000129182786337
0.000129946037999
0.000144283040575
0.000141474780135
0.000130150032615
0.000146324172944
0.000136967753555
0.000134056726159
0.00013452789045
0.000141401616755
0.000144354654665
0.000120803571499
0.000129509992428
0.000120166480934
0.00013426890904
0.000138710731005
0.000142900154027
0.000129403077555
0.000127241694592
0.000131027678819
0.000141542880568
0.00013631422168
0.000133730931963
0.00012497149796
0.000133656442591
0.000134989011631
0.000127659226092
0.000139853678184
0.000127738819116
0.00012733029494
0.000130893497905
0.000149030027754
0.0001357106295
0.000142348559428
0.000146721924873
0.00014088104393
0.000137971068621
0.000133388115452
0.000142290529987
0.00013761166945
0.000140607007198
0.000145254216542
0.000125551455137
0.000140077063821
0.000146318453642
0.000131684899242
0.000138774831979
0.000139123459404
0.000133809754433
0.000126691352559
0.000134617380609
0.000144145671853
0.000123018003982
0.000130500920969
0.000139999349206
0.000133547306633
0.000134775452335
