0.000126317186844
0.000129364710264
0.000134999342061
0.00013511294903
0.000129587234954
0.000120253415082
0.000123046273414
0.000140210245894
0.00013256706471
0.000127211611708
0.000120663433141
0.000119998802241
0.000124119185251
0.000134364420487
0.000139050200422
0.000142808477248
0.000131872879099
0.000131040950448
0.000120197902915
0.000139603146206
0.000122205799568
0.000127571768374
0.000127194197595
0.000132554263377
0.000132377066656
0.000115799350314
0.000117858259931
0.000127144533083
0.000118859881627
0.000135751619373
0.00013095869602
0.000127178182103
0.000137073869061
0.000123249805594
0.000122471667903
0.000140079565846
0.000126513223241
0.000123761156855
0.00012821728886
0.000131911207183
0.00012947692687
0.000126409001909
0.000122148571126
0.000125610733041
0.000134026218406
0.000126921330848
0.000135193826674
0.000139085706596
0.000136332496319
0.000124222046113
0.000130757140533
0.000131837263318
0.000131540382785
0.000118528784606
0.0001375237624
0.000122935211406
0.000123444596826
0.000133974440163
0.000128097222254
0.000136603781038
0.000119305016474
0.000127888757099
0.000127557273717
0.000140692179673
0.000147880065505
0.000132217866105
0.000121275922815
0.000135520977343
0.000127780123969
0.000132614650486
0.000131410515768
0.000134743236891
0.000118676413685
0.00013126736141
0.000131703420045
0.00012617299043
0.000125696043306
0.000135854937738
0.000129188661937
0.000119753894966
0.000139381590212
0.000135659990794
0.000141673654342
0.000140430438217
0.000127057441007
0.000132567006964
0.000124952656999
0.000130085912954
0.000125126025641
0.000136153559299
0.000121271491665
0.000123574684644
0.000125312431463
0.000118145695333
0.00012834286322
0.000123405315167
0.000132936374483
0.000129754340303
0.000129362159887
0.000131277458057
0.000129394616772
