0.000135315280172
0.000139174413306
0.00013894052368
0.000126144927535
0.000127033363731
0.000126805131637
0.000120633640233
0.000134503592393
0.000129583228303
0.000123501628828
0.000134776499368
0.00014636727668
0.000125105236131
0.000136938943658
0.000122146335386
0.000130872167269
0.000135080907848
0.000131849952929
0.000143308364571
0.00013372888393
0.000129643994384
0.000142551232433
0.000126777042313
0.000125685883971
0.000126791835984
0.000118173429081
0.000130589165238
0.000117712151746
0.000126743170886
0.000132293276614
0.00013518366742
0.000120799721678
0.000130684882728
0.000135543645059
0.000121842668063
0.000132515558283
0.000129818670116
0.000130273428872
0.000134468890135
0.000124193447498
0.000142413449829
0.00012761129445
0.000129123400878
0.000121369094402
0.000136916709104
0.000125461971918
0.000127292221078
0.00013063912304
0.000136988765287
0.000123186628718
0.000124435768767
0.000134310271281
0.000122273966614
0.000138268099282
0.000132360574644
0.000130894686016
0.000135729069759
0.000125257440158
0.000124746097997
0.000130290409917
0.000119354130553
0.000128127258461
0.00012427869716
0.000134851604763
0.000125261244844
0.000146220122278
0.000125996588224
0.000131470762079
0.00012437552553
0.000131530811221
0.000132920925007
0.000137968130808
0.000127070480082
0.000132783769937
0.000127478979615
0.000126097553637
0.000126830601155
0.000128576015152
0.00013028740881
0.000139936569419
0.00014017324905
0.00013418053918
0.000120650420654
0.000123831705296
0.000135816298215
0.000129188012869
0.000127434619652
0.000127836313724
0.000132640017637
0.000122331451593
0.000130263342756
0.000129709843076
0.000118174820701
0.000118972919976
0.000130408977115
0.000127194319408
0.000115067669649
0.000135409921383
0.000130890903956
0.00012375537224
0.000129690130001
