0.000130368365186
0.000129229199216
0.000143665328039
0.000135177619166
0.000126348477289
0.00012565695652
0.000136278433024
0.000122679718687
0.000127470239539
0.000131280988792
0.000126329804573
0.000145822611369
0.000141103407875
0.00012660915255
0.000140426360923
0.000135114524383
0.00014352147731
0.00013015885966
0.000130230669829
0.000126075639739
0.000133506700306
0.000125859216981
0.000136341391696
0.000134068820838
0.00014024713099
0.00013068922261
0.000134674517343
0.000129074310643
0.000130088189909
0.00013643780868
0.000130565214701
0.000139567603161
0.000129358841991
0.000128504390237
0.00011760879339
0.000137567854386
0.000132783017319
0.00013265586002
0.00012944405294
0.00012192803358
0.000130440909667
0.000131990181774
0.000135148118556
0.000131575626173
0.000122555681277
0.000130003486161
0.00014380567419
0.000129593036004
0.000134876704426
0.000136304519067
0.000128458021312
0.00012051454242
0.00012410490486
0.000130325519445
0.000123657171733
0.000143449742979
0.000145202643803
0.0001298753398
0.00013934116183
0.000129844750581
0.000132062499936
0.000119748566622
0.000129289448952
0.000126669702049
0.000133761230097
0.000132388698099
0.000136849351936
0.000139932447952
0.000125188363096
0.000121146969118
0.000116351273211
0.000143890303481
0.000127166200848
0.000126690333783
0.000131339396105
0.000128485817078
0.000141422895129
0.000125052240424
0.000121847270156
0.000122627898442
0.000138320496188
0.000137457157754
0.000123044410473
0.000126318579085
0.00013373711473
0.00012606843712
0.000145547466148
0.000127050030193
0.000134236664355
0.000127670125226
0.000130838943925
0.000136815757733
0.000136121593616
0.000139340952915
0.000131522864939
0.000137944410345
0.000133122561705
0.000129463926135
0.000129371860023
0.000121120056008
0.000131526108566
