0.000144894663521
0.000132153900724
0.000116904545267
0.000138357609619
0.000123654815009
0.000110287748893
0.00012678597355
0.000134101885382
0.0001296537328
0.00013875827295
0.000126168251638
0.000130688399455
0.000130606629887
0.000126483720163
0.000125272863409
0.000130046337455
0.000128768840499
0.000139125519752
0.000133964559848
0.000128327824261
0.000132257127834
0.000126868855588
0.000134491964942
0.000143034114787
0.000133510776398
0.000125866276632
0.000128958753441
0.000116297832702
0.000140257528329
0.000142758111902
0.000131599564825
0.000136424768859
0.000134234958955
0.000120773922702
0.000126014699106
0.000127026760334
0.00013396328176
0.000141587624079
0.000136135334558
0.000126850397994
0.000136726801015
0.000124871679447
0.000135647694425
0.000126595628262
0.000125101945877
0.00012567020883
0.000133303318679
0.000148782477828
0.000144330683143
0.000122060606759
0.000132541205827
0.000114987885373
0.000133810870699
0.000128773078547
0.00012738736761
0.000130473254455
0.000126777598608
0.00011078379099
0.000129829800967
0.00013270356062
0.00013565734956
0.000126823718961
0.000131872243405
0.000114322682496
0.000133905978423
0.000139440559713
0.000129170415485
0.000133199459415
0.000124067894697
0.000133098811811
0.00013875439024
0.00012625453222
0.000122987645813
0.000136091946803
0.000128003173209
0.000131468508904
0.000134177843431
0.000137121897965
0.000117710692647
0.000121587281547
0.000135001164295
0.000125871630614
0.000118340016033
0.000138892653295
0.00012407507554
0.000126486247553
0.000133839889848
0.000127230304861
0.000126113267791
0.000131304836641
0.000129022731783
0.000125552356308
0.000128095317587
0.000135148346854
0.000119233290764
0.000134768647557
0.000133165956568
0.000130400437509
0.00012035909157
0.000125367986054
0.000129890644835
