0.000134738873697
0.000132409768702
0.000133148009214
0.000132275385759
0.000125358162623
0.000127639547336
0.000136954634888
0.000125873815651
0.000133812716973
0.000132537465176
0.000127694712378
0.000130344610619
0.000131218506897
0.000124209636889
0.000126281123034
0.000131197265148
0.000125377343377
0.000126835282718
0.000111876842805
0.000124095092343
0.000131846581798
0.000127810987921
0.00012734666807
0.000134497221114
0.000124869146195
0.000140613797621
0.000134067590554
0.000125943798178
0.000132161802489
0.000143072419446
0.000121375819234
0.000131507822908
0.000125261356006
0.000128077476628
0.000126143146299
0.000123506247972
0.000133327166475
0.00013472295428
0.000134888796395
0.000136306537133
0.000136699574384
0.000139545133112
0.00011879688243
0.000131017531786
0.000121575279414
0.000121090818009
0.000127573625671
0.000130719139224
0.000140038211498
0.000120477736616
0.000129862125679
0.000136503430207
0.000136597271797
0.000135509806478
0.000127004167059
0.000151807066256
0.000137066711295
0.000137020143725
0.000125404308173
0.000132700560765
0.000117815655995
0.00012034620245
0.000129796834444
0.000132670736458
0.000117919273197
0.000139965157033
0.000133733186768
0.000128661358395
0.000134709628973
0.000123857148407
0.000132382429269
0.000137044076323
0.000130118338193
0.00011918270699
0.000131205069588
0.000124260626425
0.000136971007343
0.000124084996512
0.000139249105258
0.000128015701026
0.000129321533219
0.000123581456704
0.000136981905273
0.000115275791481
0.000123032817103
0.000135695635851
0.000126663279016
0.000126622379887
0.000127543565388
0.000122227991582
0.000125944742433
0.000134659443971
0.000125368268642
0.000130631848332
0.000146265431975
0.000132139407698
0.00012567561321
0.000137674294443
0.000137521851107
0.000122611966288
0.000129956641192
