0.000133500608697
0.000127924806419
0.000122136733975
0.000130684677135
0.000124305603202
0.000131352993508
0.000128746962323
0.000142829951207
0.00013537482221
0.000140273385131
0.000138956980384
0.000125477974091
0.000132196172514
0.000132771610492
0.000130105530886
0.000128606867208
0.00013291173926
0.00013277783661
0.000146057418108
0.000138094496889
0.000131953254054
0.000131282228918
0.000125180461548
0.000126254604857
0.000135223875433
0.000137494110465
0.000141683144806
0.000138724925083
0.000139507132511
0.000137763931104
0.000132678043793
0.000127510220713
0.000129945501992
0.000117111337179
0.000125118244797
0.000124631636033
0.00012434310224
0.000129108661707
0.000126631253488
0.000127786044097
0.000137266363353
0.000128734281613
0.000141735349157
0.000138616853165
0.000137229770546
0.000134926080885
0.000141771645283
0.000134281011451
0.000117878438524
0.000129094524646
0.00014589111521
0.00014145632512
0.000122041611365
0.00013137411315
0.000135595856343
0.000139329149269
0.000128298197391
0.000133318073076
0.000135701219276
0.000131476439662
0.000147045945423
0.000121014186174
0.000141784575812
0.000135444032764
0.000130659899526
0.000141379070071
0.000148285501805
0.00014161027496
0.000126531756016
0.000129349028246
0.000126747815985
0.000135882535601
0.00012863204838
0.000126595410442
0.000125792923945
0.000129500563167
0.000118060572672
0.000152149241835
0.000127844294365
0.000133019772088
0.000139101138805
0.00014663027199
0.000143341773017
0.000134939839166
0.000148386341674
0.000135836808563
0.000143432977795
0.000136804757729
0.000127780862797
0.000131486630222
0.000130982732257
0.000124850692621
0.000123387993916
0.000137954572925
0.000125381387808
0.000136529822257
0.000125081102036
0.00012730004634
0.00013707212811
0.000137684364047
0.000133123309969
