0.000143122396032
0.000146598367763
0.000133440176609
0.000140293990017
0.000138041998752
0.000141847354108
0.000141916162874
0.000135067094639
0.000136928401962
0.000133989474739
0.000127580681704
0.000128145720499
0.000139032180254
0.000126227990804
0.000133568015095
0.000140019521779
0.000149835182503
0.000129616133887
0.000134212586861
0.000141020005626
0.00014144060816
0.000144516543496
0.000126351764598
0.000135542612162
0.000130459053941
0.000137360298278
0.000141225075338
0.000131277189103
0.000129698969706
0.000142248239944
0.000144384797331
0.00014163133816
0.000130549013717
0.000149486015895
0.000134862024856
0.000141393420761
0.000129293204656
0.000162123631693
0.000131666392558
0.000136829670826
0.00013625837727
0.000132297959153
0.000135046425798
0.00013375143738
0.000133294747231
0.000148828037698
0.000133185765578
0.000125235590989
0.000145947761435
0.000130956833458
0.000134103293228
0.000130333109767
0.000136302675629
0.000127430586787
0.000133604263521
0.000136789417522
0.000143596727383
0.00014103831299
0.000153174263084
0.000136009847055
0.000138136137566
0.000127363434632
0.000137923130854
0.000148172901702
0.000144175988169
0.000147148841271
0.000137561064813
0.000139258775528
0.000128311442355
0.000123073465445
0.000135665388554
0.000126832985755
0.000137808267638
0.000124911047945
0.000136339922797
0.000129992174579
0.000140801571371
0.000129813027449
0.000134582181765
0.000131289780878
0.000130935325816
0.000125076389517
0.00013109275317
0.000135623326564
0.000139710821886
0.000129762689155
0.000125964521459
0.000130001709947
0.000152599817043
0.000134988572819
0.00014349772785
0.000131526595584
0.000133158624277
0.000135430693489
0.000135610881034
0.000136933088711
0.000138112660341
0.000141156890813
0.000116950970042
0.000152957969567
0.000136302822948
