0.000125771437994
0.000125832243051
0.000128488833411
0.000151329116808
0.00013299968615
0.000131323268019
0.000128661496498
0.000119927735019
0.000126540236066
0.000129794014885
0.000131055100507
0.000114651697813
0.000132659692468
0.000132969493161
0.000130106968613
0.000141593029409
0.000127074999162
0.000138381714301
0.000125314468794
0.000128658734908
0.000118846191355
0.000144345217199
0.00012470113621
0.000135839335331
0.000130657802972
0.000126410912155
0.000130944589404
0.000136840379252
0.000124353252266
0.000124749743094
0.00013379607356
0.000133772525545
0.000126814066468
0.000127410934362
0.00013968063168
0.000131795210086
0.000124974451059
0.000118530587838
0.000116808260391
0.000128012122559
0.000131719123504
0.000121372994304
0.000128953460516
0.000133722759441
0.000139605850824
0.000132757479254
0.000135128879016
0.000127785282514
0.000130939635183
0.000120832551144
0.000129506468193
0.000133397748966
0.00012053920671
0.000126983446224
0.000125552116321
0.000127104126976
0.000125839931916
0.000123609919957
0.000135888840866
0.000140840704571
0.000127349091767
0.000140280474816
0.000140880846532
0.000140459571718
0.000141982445323
0.000123283628731
0.000131690067451
0.000122066589906
0.000140767412907
0.000127000403771
0.000146088650473
0.000132990059449
0.00013119998156
0.000133977601461
0.000129434918026
0.000131731841993
0.000130228308285
0.000145662619189
0.000124363842731
0.000128829593171
0.000146134556431
0.00012431779444
0.000125050825989
0.000125513619318
0.000133446725587
0.000137986852257
0.000121750061007
0.000122448725483
0.000127331918548
0.000131815916671
0.000126938089604
0.000136944289271
0.000124247520802
0.000150081430262
0.000132477821709
0.000136829309287
0.000130376774413
0.000128327406129
0.00012694476754
0.000123943753555
0.000130576740238
