0.000127824107582
0.000131259816341
0.000135751392491
0.000125346405934
0.000120499589194
0.00013473682777
0.000120990443208
0.000139799535252
0.000150033997919
0.000138199734502
0.000125534144323
0.000138167543124
0.000130039171091
0.000136008196719
0.000120373123962
0.000130718803083
0.000127573118044
0.000123635083211
0.000129825893242
0.000131830164161
0.000130785624703
0.000131899516134
0.00013060430255
0.000126034988565
0.000115532674891
0.000132791733097
0.000128327209066
0.000137517122947
0.000126542114532
0.000137018568123
0.00011991564828
0.000128557260994
0.000127319911152
0.000130506745496
0.000131233422351
0.000143351565685
0.000124781498298
0.000126180991843
0.000142718874655
0.000141212931244
0.000133634136413
0.000130524999207
0.000132606681369
0.000127886242405
0.000115093277099
0.000127612207569
0.000138010640231
0.000133022220342
0.000121220743431
0.000116394357016
0.000132511574195
0.000124564244229
0.000128587374688
0.000130738059506
0.000132026282474
0.00012721005905
0.000128296588423
0.000121635143577
0.000137183614105
0.000137582870796
0.000133824395539
0.000132745104498
0.000127079302477
0.000131622866579
0.000134963904811
0.000132844873345
0.000137119823671
0.000147113934268
0.000128285734696
0.000126737854655
0.000121671277611
0.000131316097821
0.000137496020201
0.000125109624728
0.000145515472233
0.000139668118985
0.000123533951291
0.000136688894939
0.000125152823098
0.00013008640919
0.000130647526092
0.000142080538042
0.000126146265971
0.000127009500929
0.000127968060283
0.000143982987136
0.00012715072633
0.00013654644747
0.000130712527358
0.000121719788722
0.000141177211062
0.000114062761309
0.000128359236551
0.000123507491365
0.000144266648737
0.000138002048837
0.000132703593098
0.000129658803662
0.000125136014722
0.000141139830265
0.000130878756045
