0.00013414891478
0.00012735404138
0.000133176722051
0.000130634078949
0.000137552641043
0.000138537084048
0.000135041504338
0.000125603694151
0.000139218918886
0.000138770442113
0.000136486350387
0.000137982129017
0.000123284199333
0.000138349068207
0.000128616887857
0.000116488287961
0.000128814523919
0.000148852320983
0.00013363234275
0.000132296312998
0.000141985925173
0.000143621090144
0.000135149308816
0.00012525793125
0.000132059923205
0.000138851755509
0.000135546548899
0.000135409236419
0.000126459848743
0.000135367028066
0.000130858812065
0.000134596774431
0.000137713377963
0.00012903263288
0.000148738805397
0.000139166342618
0.000138086401223
0.000132743271338
0.000125580100484
0.000132943879452
0.000127758152077
0.000137257562174
0.000144230580555
0.000142229683875
0.000129044113996
0.000138390868061
0.000133949052036
0.000126794146523
0.000135638787942
0.00014809546279
0.000131474070715
0.000132789978319
0.000126640469208
0.000147325906039
0.000132017114766
0.000129446619915
0.000142452825743
0.000134817316909
0.00014354173941
0.000142701836972
0.000139495537521
0.000135966350863
0.000131923788784
0.000142313644888
0.000133476961995
0.000135997533819
0.000138387756162
0.000136814835121
0.000133405852034
0.00015622776769
0.000141760949979
0.000134798936222
0.000129975786469
0.00014147278904
0.000138606852189
0.000141105719841
0.000139313024785
0.000128627904557
0.000118251944461
0.000125433119511
0.000126521671722
0.000134016076192
0.000137729787422
0.000139112635736
0.000132744543068
0.000133504972444
0.000139734665066
0.000144873556898
0.000137044208328
0.000121697177542
0.000135037476274
0.000137110576576
0.000118044847
0.00013292677127
0.000127630415814
0.000139239402079
0.000141746700382
0.000142034211285
0.000140364741353
0.000140358512875
0.000135154357525
