0.000126090883412
0.000123759435632
0.000119980137821
0.000125776655156
0.000132217381242
0.000132420124059
0.000132922923236
0.000132044719921
0.000127193923674
0.000141950252861
0.00012790690139
0.000133875653704
0.000126666022986
0.000133761145399
0.000124570825464
0.000123137107132
0.000135934957698
0.000133991015427
0.000126471107115
0.000135777439279
0.000125161819905
0.000118798874514
0.000142122067236
0.000131449269296
0.000135320495858
0.000132440654819
0.000136070916723
0.000132810488373
0.000122753010184
0.000123722215535
0.000129608030543
0.000125523787211
0.000130287940313
0.00012394718284
0.00015565940016
0.000114882443241
0.000126046406787
0.000144871465006
0.000136630002472
0.000119740502777
0.000128206282951
0.000144739413261
0.000136754521625
0.000130992238658
0.000130321557469
0.000127900629768
0.000126219388121
0.000131929449449
0.000122456573187
0.000138787529823
0.000125602438806
0.000127298720702
0.000132324848804
0.000119665562648
0.000138788772642
0.000140864867415
0.000132743727074
0.000125897430101
0.000128930471745
0.000127922323738
0.000123871003461
0.000130413106714
0.000135032467537
0.000133249149639
0.000117898878976
0.000128584907531
0.000121686163126
0.000121881032876
0.000130348671827
0.000121398859521
0.00013374723253
0.000131150386775
0.000130719943349
0.000125287655726
0.000129480582613
0.000125523427856
0.000128038699761
0.000120717005081
0.000128274303576
0.000126117564419
0.000140483973257
0.00013412657671
0.000128740469441
0.000129637323406
0.000145047102257
0.000119280264318
0.000129550456023
0.00013611301685
0.000129796190568
0.000118727362079
0.000133246669559
0.000148128819973
0.000129048562954
0.000129913063696
0.000127065286813
0.000131209535551
0.000118663890918
0.000130705669112
0.000126065575477
0.000130468829706
0.000129820820159
