0.000133376938084
0.000128356413817
0.00012633068159
0.000119774858947
0.000130944050386
0.000133826175279
0.000127719130427
0.000141128198656
0.000140392543209
0.000134990142152
0.000124501888608
0.000131345889397
0.000132198441789
0.000135313833184
0.000121949333081
0.00013196920816
0.000130814710494
0.000121159109028
0.000134994587395
0.00013031676919
0.000128936485031
0.000135481296625
0.000124262424571
0.000142167127245
0.000132725576185
0.000134397788068
0.0001370648743
0.000126844186831
0.000124921069979
0.000136545138663
0.000120364583899
0.00013109758547
0.000124597096508
0.00012359028949
0.000134537880573
0.000134338673067
0.000136119369725
0.00013690223936
0.000127659807011
0.000126714689606
0.000129170206681
0.000124183004887
0.000130650302481
0.00012996412062
0.00011054843062
0.000130556362733
0.000134945058498
0.000146933560263
0.000124048557638
0.000125082669715
0.000124165649753
0.00013559349716
0.000136385512622
0.000134598114428
0.000133003850069
0.000141687090223
0.000136140524047
0.000131371889044
0.00012620190445
0.000134816806032
0.000127563348551
0.000122391437296
0.000122949828437
0.000129725912884
0.000117973923647
0.000132178284393
0.000118370122309
0.000129895517942
0.000126624151672
0.000122446324245
0.000123548896761
0.00012891702405
0.000151046706272
0.000130928305261
0.000126769300865
0.000125839847572
0.000122431360443
0.000139742707139
0.00012965962337
0.000121739510805
0.000127901176813
0.000124459222214
0.000129490916641
0.000133846564611
0.000124715667878
0.000141468470625
0.000124603582776
0.000134853582767
0.000147215007016
0.000136122356146
0.000117997051314
0.000135239509496
0.000137942224738
0.000126694378455
0.000126866049717
0.000138320223325
0.000125975342867
0.00014105813647
0.000143480975495
0.000130041036614
0.000130497518069
