0.000128322549094
0.00013330871051
0.000132708496113
0.00012774533093
0.000116538422981
0.000147874083922
0.000113339774314
0.000129739237061
0.000126515746308
0.000129590314471
0.00013789255358
0.000132257054575
0.000125588250023
0.0001265279996
0.000126801504669
0.000126030780934
0.00013337351808
0.000130581432508
0.00013030508526
0.00013581377591
0.000120392765276
0.000124550624379
0.000135768255636
0.000130716246646
0.000125742047225
0.000136905325794
0.000137914707234
0.000130112302077
0.000124046835443
0.000132330105653
0.000127323047
0.000124248160698
0.000128605483541
0.000133362737187
0.000134319228073
0.000138396885031
0.000143062650256
0.000117506531611
0.000127827578697
0.000125891001731
0.000147625821875
0.000128980662092
0.000119652969757
0.00013041754835
0.000114863693319
0.000133266340952
0.000118425394546
0.000138433730591
0.000126113874729
0.000130152635521
0.000132458723847
0.000136750539427
0.000126145841244
0.000125644797675
0.000136737486922
0.000136203409272
0.000116748566208
0.000130892555138
0.00013030539662
0.000144159265269
0.00012983169319
0.000142015114189
0.000126081275413
0.000129985512739
0.000141680637491
0.000130224803637
0.000140879964151
0.000135221293287
0.000136563211255
0.000132363066435
0.000132726896564
0.000121665178932
0.000124437032532
0.000123183100526
0.000126118561584
0.000125727449786
0.000131096006751
0.000125842807831
0.000136862511412
0.000130216272942
0.000125811700125
0.000140191132235
0.000127914202481
0.000121162530892
0.000139278186342
0.000122602375308
0.000130723537367
0.000133777056072
0.000128114051388
0.000128528233868
0.000132177084812
0.000127442505902
0.000125791434783
0.000127797370115
0.000126660516687
0.000129751743618
0.000132018444584
0.000132917297559
0.00013283388115
0.000126671829185
0.000130087438985
