0.000120837472216
0.000125172691687
0.000116045909655
0.000125749306018
0.000123447429072
0.000127843096055
0.000131062242601
0.00012897572884
0.000133662850426
0.00012940973467
0.000126081734155
0.000136045648651
0.000130509793593
0.000124688240643
0.000124343603746
0.000116236791013
0.000136594512071
0.00012605380476
0.000129604921811
0.000120829094687
0.000136009822409
0.000119046162832
0.000115346520706
0.000129646771612
0.000123014281576
0.000133745877104
0.00014383071988
0.000125561855943
0.000137961559236
0.000144622648253
0.000129374383378
0.000133676952195
0.000130259980824
0.000129585824856
0.000137364142426
0.000130455449323
0.00013038933436
0.000133287716028
0.000120149986213
0.000135770201758
0.000139436230065
0.000128922089323
0.00011720596583
0.000143600271006
0.000121455631112
0.000127681036734
0.000139118719958
0.000124961482788
0.00011522266347
0.000124601336776
0.000131532181191
0.000126404753217
0.000118145308412
0.000131828233911
0.000134612596085
0.000145998392458
0.00012610395756
0.000124005942687
0.000125913730795
0.000124058802042
0.000115345724709
0.000135267255711
0.000126851079737
0.000112588337476
0.000121109234953
0.000124802424357
0.000133232102771
0.000121392403631
0.000141408115825
0.000148035086896
0.000131002757757
0.000139477851992
0.000125286593277
0.000129952042361
0.000130239766756
0.000121016130685
0.000135647308737
0.000120505734263
0.000123418986241
0.000116521643524
0.000124015610345
0.000124838746419
0.000130755028682
0.000127503027375
0.000136120113741
0.000121742921853
0.000128043414793
0.000132534064545
0.000132247041449
0.000129122198109
0.00012058242926
0.000125384419275
0.000120388229076
0.000115783103168
0.000131757700347
0.000131367023886
0.000119690029591
0.000121776619902
0.000108406377264
0.000127364226351
0.000127856270298
