0.00013941697128
0.00014222279602
0.000128157398711
0.000130956449199
0.000125748503132
0.000123677781928
0.000127588012804
0.000128965527863
0.000130359325613
0.000128407366952
0.000114268827135
0.000116787636964
0.000133984613855
0.000127100422465
0.00013330130074
0.000132215733546
0.000137025984199
0.000123662283757
0.000133585936622
0.000143676144029
0.000129686510231
0.000122638521015
0.000135783270293
0.000132241988721
0.000132304919933
0.000126377091309
0.000128489779179
0.000134762948184
0.00012998722366
0.000132007889872
0.000135194869346
0.000131152704072
0.000138823662645
0.000123796146017
0.000118262410303
0.000131224270942
0.000120942866552
0.000118663738482
0.000135776110951
0.000121077799942
0.000126164470524
0.000125747672036
0.000135569464678
0.000113795668922
0.000131107985739
0.000133412258405
0.000130765624381
0.000122376764662
0.000123694788571
0.000133881332035
0.000125804974907
0.000121352745744
0.000126074365284
0.000131841242531
0.000127402005708
0.000130060879986
0.000120012526526
0.000126474603769
0.0001213514112
0.00012368493189
0.000121820346143
0.000141839852912
0.000139271632262
0.000137743268478
0.000133409583162
0.000133105982024
0.000125097025629
0.000136150847219
0.000132987905842
0.000130537746277
0.000127363998341
0.000136462543797
0.000128429977495
0.000141571919554
0.000122040391318
0.000135688602375
0.000124016594568
0.000124774894951
0.000126829874341
0.000121756409646
0.000132297403746
0.000137619002206
0.000122718543792
0.000126734180531
0.000133757567697
0.000128075453221
0.000123928325236
0.000130499463302
0.000133691719379
0.000123766442603
0.000123982307309
0.000132839430295
0.000141866065461
0.000130076908278
0.000120679746506
0.000127031223319
0.000126826910821
0.000125897179551
0.000144404801565
0.00013420433568
0.000129326758628
