0.455,15,0.095,0.514,0.2245,0.101,0.15,0.365
0.35,7,0.09,0.2255,0.0995,0.0485,0.07,0.265
0.44,10,0.125,0.516,0.2155,0.114,0.155,0.365
0.475,9,0.125,0.5095,0.2165,0.1125,0.165,0.37
0.43,10,0.11,0.406,0.1675,0.081,0.135,0.35
0.49,11,0.135,0.5415,0.2175,0.095,0.19,0.38
0.5,12,0.13,0.6645,0.258,0.133,0.24,0.4
0.365,7,0.08,0.2555,0.097,0.043,0.1,0.295
0.45,9,0.1,0.381,0.1705,0.075,0.115,0.32
0.355,11,0.095,0.2455,0.0955,0.062,0.075,0.28
0.59,12,0.14,0.931,0.356,0.234,0.28,0.445
0.605,15,0.18,0.9365,0.394,0.219,0.295,0.475
0.575,11,0.14,0.8635,0.393,0.227,0.2,0.425
0.58,10,0.165,0.9975,0.3935,0.242,0.33,0.47
0.665,18,0.165,1.338,0.5515,0.3575,0.35,0.525
0.465,8,0.105,0.4795,0.227,0.124,0.125,0.355
0.355,9,0.09,0.3275,0.134,0.086,0.09,0.29
0.47,9,0.12,0.5795,0.293,0.227,0.14,0.37
0.4,7,0.095,0.303,0.1335,0.06,0.1,0.32
0.485,10,0.13,0.5415,0.2595,0.096,0.16,0.36
0.405,7,0.1,0.385,0.173,0.0915,0.11,0.31
0.445,8,0.12,0.4425,0.192,0.0955,0.135,0.35
0.47,8,0.135,0.5895,0.2765,0.12,0.17,0.385
0.45,7,0.105,0.4115,0.18,0.1125,0.135,0.345
0.505,9,0.11,0.625,0.305,0.16,0.175,0.405
0.425,7,0.095,0.3785,0.1705,0.08,0.1,0.325
0.52,8,0.12,0.58,0.234,0.1315,0.185,0.4
0.475,8,0.12,0.48,0.234,0.1015,0.135,0.355
0.555,13,0.13,0.7665,0.264,0.168,0.275,0.425
0.57,11,0.175,1.185,0.474,0.261,0.38,0.48
0.595,9,0.14,0.944,0.3625,0.189,0.315,0.475
0.62,12,0.175,1.615,0.5105,0.192,0.675,0.51
0.595,21,0.16,1.3175,0.408,0.234,0.58,0.475
0.58,14,0.14,1.013,0.38,0.216,0.36,0.45
0.625,13,0.14,1.195,0.4825,0.205,0.4,0.465
0.56,10,0.16,0.8645,0.3305,0.2075,0.26,0.44
0.565,15,0.135,0.8115,0.341,0.1675,0.255,0.425
0.555,12,0.15,0.755,0.307,0.1525,0.26,0.44
0.595,13,0.175,1.115,0.4015,0.254,0.39,0.465
0.695,15,0.19,1.494,0.588,0.3425,0.485,0.56
0.665,14,0.195,1.606,0.5755,0.388,0.48,0.535
0.535,9,0.15,0.725,0.269,0.1385,0.25,0.435
0.47,8,0.13,0.523,0.214,0.132,0.145,0.375
0.47,7,0.13,0.5225,0.201,0.133,0.165,0.37
0.55,15,0.145,0.843,0.328,0.1915,0.255,0.435
0.53,15,0.16,0.883,0.316,0.164,0.335,0.435
0.53,10,0.14,0.724,0.3105,0.1675,0.205,0.415
0.605,12,0.16,1.1735,0.4975,0.2405,0.345,0.47
0.495,9,0.125,0.5415,0.2375,0.1345,0.155,0.395
0.465,9,0.105,0.431,0.172,0.107,0.175,0.36
0.425,9,0.105,0.393,0.13,0.063,0.165,0.35
0.44,10,0.105,0.402,0.1305,0.0955,0.165,0.34
0.405,8,0.085,0.2605,0.1145,0.0595,0.085,0.305
0.37,6,0.075,0.214,0.09,0.051,0.07,0.265
0.7,19,0.16,1.7255,0.63,0.2635,0.54,0.535
0.71,18,0.165,1.959,0.7665,0.261,0.78,0.54
0.595,17,0.165,1.262,0.4835,0.283,0.41,0.48
0.345,9,0.09,0.2005,0.094,0.0295,0.063,0.255
0.375,9,0.095,0.253,0.096,0.0575,0.0925,0.285
0.65,16,0.19,1.3445,0.519,0.306,0.4465,0.52
0.56,11,0.155,0.797,0.34,0.19,0.2425,0.455
0.475,10,0.13,0.5175,0.2075,0.1165,0.17,0.375
0.46,10,0.12,0.515,0.224,0.108,0.1565,0.35
0.59,15,0.145,1.053,0.4415,0.262,0.325,0.475
0.515,10,0.13,0.722,0.32,0.131,0.21,0.405
0.645,16,0.215,1.514,0.546,0.2615,0.635,0.485
0.605,13,0.165,1.056,0.4215,0.2475,0.34,0.465
0.61,12,0.175,1.2445,0.544,0.297,0.345,0.485
0.725,14,0.19,2.55,1.0705,0.483,0.725,0.57
0.705,14,0.22,1.981,0.8175,0.3085,0.76,0.56
0.695,14,0.215,1.9565,0.7125,0.541,0.59,0.55
0.525,8,0.155,1.065,0.486,0.233,0.285,0.435
0.58,11,0.15,0.97,0.385,0.2165,0.35,0.475
0.57,14,0.18,0.9395,0.399,0.2,0.295,0.48
0.64,21,0.175,1.368,0.515,0.266,0.57,0.51
0.62,13,0.19,1.218,0.5455,0.2965,0.355,0.49
0.615,13,0.18,1.1595,0.4845,0.2165,0.325,0.48
0.61,12,0.17,1.0225,0.419,0.2405,0.36,0.485
0.58,14,0.15,0.927,0.276,0.1815,0.36,0.45
0.5,12,0.155,0.772,0.346,0.1535,0.245,0.405
0.64,16,0.185,1.3035,0.4445,0.2635,0.465,0.5
0.56,15,0.16,0.922,0.432,0.178,0.26,0.45
0.585,10,0.185,0.922,0.3635,0.213,0.285,0.46
0.5,13,0.165,0.825,0.254,0.205,0.285,0.4
0.42,8,0.115,0.369,0.171,0.071,0.12,0.335
0.335,7,0.09,0.181,0.0755,0.0415,0.06,0.25
0.5,9,0.14,0.6155,0.241,0.1355,0.205,0.405
0.55,10,0.14,0.8025,0.244,0.1635,0.255,0.405
0.45,8,0.13,0.46,0.174,0.111,0.135,0.35
0.47,10,0.135,0.501,0.1665,0.115,0.165,0.36
0.555,13,0.135,0.836,0.336,0.1625,0.275,0.445
0.565,14,0.175,0.9025,0.31,0.193,0.325,0.44
0.625,22,0.215,1.4455,0.496,0.287,0.435,0.505
0.565,17,0.16,0.9425,0.3495,0.2185,0.275,0.425
0.59,13,0.18,1.1235,0.4205,0.2805,0.36,0.47
0.6,15,0.165,1.2415,0.485,0.2775,0.34,0.495
0.56,15,0.175,1.011,0.3835,0.2065,0.37,0.45
0.56,19,0.185,1.07,0.3805,0.175,0.41,0.45
0.545,10,0.16,0.8975,0.341,0.1655,0.345,0.46
0.53,11,0.165,0.8945,0.319,0.239,0.245,0.42
0.27,6,0.08,0.1205,0.0465,0.028,0.04,0.2
0.52,14,0.15,0.895,0.3615,0.186,0.235,0.45
0.35,8,0.11,0.2925,0.1225,0.0635,0.0905,0.275
0.47,9,0.15,0.6355,0.2185,0.0885,0.255,0.39
0.59,16,0.2,1.187,0.412,0.2705,0.37,0.5
0.62,14,0.205,1.219,0.3875,0.2505,0.385,0.485
0.63,15,0.225,1.525,0.56,0.3335,0.45,0.505
0.63,13,0.155,1.259,0.4105,0.197,0.41,0.515
0.655,22,0.215,1.844,0.7425,0.327,0.585,0.54
0.61,18,0.24,1.642,0.532,0.3345,0.69,0.5
0.635,20,0.205,1.484,0.55,0.3115,0.43,0.525
0.485,14,0.14,0.6295,0.2285,0.127,0.225,0.395
0.515,14,0.175,0.9565,0.325,0.158,0.31,0.38
0.53,10,0.155,0.699,0.288,0.1595,0.205,0.435
0.44,9,0.125,0.4775,0.132,0.0815,0.19,0.355
0.54,17,0.18,0.996,0.3835,0.226,0.325,0.435
0.61,15,0.165,1.116,0.428,0.2205,0.315,0.475
0.6,26,0.195,1.0575,0.384,0.19,0.375,0.495
0.49,11,0.14,0.549,0.2215,0.1275,0.15,0.395
0.37,9,0.105,0.234,0.0905,0.0585,0.075,0.28
0.37,8,0.1,0.252,0.1065,0.0595,0.074,0.28
0.36,6,0.1,0.217,0.0885,0.0495,0.0715,0.27
0.645,13,0.24,1.5415,0.471,0.369,0.535,0.515
0.55,14,0.125,0.7605,0.2505,0.1635,0.195,0.41
0.57,10,0.145,0.9055,0.3925,0.2355,0.275,0.435
0.56,14,0.14,0.971,0.443,0.2045,0.265,0.44
0.595,19,0.195,1.3305,0.4595,0.3235,0.345,0.455
0.63,23,0.175,1.3,0.4335,0.2945,0.46,0.485
0.45,10,0.1,0.3675,0.1465,0.1015,0.12,0.35
0.385,11,0.1,0.2845,0.1065,0.075,0.1,0.31
0.335,7,0.105,0.222,0.0935,0.056,0.075,0.265
0.51,12,0.13,0.6435,0.27,0.1665,0.205,0.4
0.36,8,0.105,0.241,0.0865,0.053,0.095,0.295
0.5,12,0.155,0.5955,0.2135,0.161,0.2,0.38
0.62,11,0.19,1.3415,0.5705,0.3175,0.355,0.465
0.6,14,0.19,1.0875,0.403,0.2655,0.325,0.475
0.59,16,0.185,1.283,0.473,0.276,0.425,0.45
0.62,13,0.185,1.325,0.6045,0.325,0.33,0.475
0.575,14,0.145,1.165,0.581,0.2275,0.3,0.455
0.62,12,0.185,1.274,0.579,0.3065,0.32,0.465
0.49,13,0.14,0.707,0.2795,0.2185,0.18,0.39
0.61,14,0.15,1.2,0.56,0.2455,0.28,0.48
0.57,12,0.14,0.9535,0.4465,0.2065,0.245,0.46
0.58,9,0.17,0.93,0.408,0.259,0.22,0.455
0.635,16,0.17,1.275,0.509,0.286,0.34,0.515
0.7,20,0.205,2.13,0.7415,0.49,0.58,0.58
0.675,13,0.185,1.587,0.6935,0.336,0.395,0.525
0.745,17,0.215,2.499,0.9265,0.472,0.7,0.585
0.605,18,0.18,1.227,0.48,0.287,0.35,0.49
0.63,19,0.16,1.016,0.4215,0.244,0.355,0.515
0.58,11,0.145,0.887,0.4405,0.1655,0.265,0.465
0.63,12,0.18,1.13,0.458,0.2765,0.315,0.49
0.685,13,0.15,1.343,0.4635,0.292,0.4,0.52
0.63,11,0.19,1.1775,0.4935,0.3365,0.285,0.49
0.565,15,0.175,0.995,0.3895,0.183,0.37,0.465
0.605,15,0.18,1.1405,0.3755,0.2805,0.385,0.47
0.535,10,0.145,0.791,0.33,0.189,0.25,0.42
0.485,10,0.135,0.663,0.313,0.137,0.2,0.4
0.47,12,0.12,0.5565,0.226,0.122,0.195,0.375
0.545,10,0.135,0.8445,0.373,0.21,0.235,0.425
0.54,12,0.155,0.7385,0.3515,0.152,0.215,0.42
0.46,10,0.135,0.482,0.207,0.1225,0.145,0.38
0.49,14,0.125,0.609,0.239,0.1435,0.22,0.42
0.475,10,0.125,0.593,0.277,0.115,0.18,0.375
0.47,8,0.145,0.5865,0.2385,0.144,0.185,0.38
0.535,12,0.15,0.6765,0.256,0.139,0.26,0.44
0.585,11,0.15,0.987,0.4355,0.2075,0.31,0.455
0.515,9,0.135,0.7225,0.295,0.1625,0.235,0.455
0.45,8,0.115,0.479,0.2125,0.1045,0.15,0.355
0.59,16,0.12,0.911,0.39,0.182,0.29,0.485
0.555,11,0.145,0.915,0.4,0.246,0.285,0.45
0.57,8,0.095,0.827,0.3395,0.2215,0.235,0.44
0.59,15,0.165,1.1045,0.4565,0.2425,0.34,0.5
0.585,14,0.12,0.945,0.41,0.2115,0.28,0.475
0.545,12,0.12,0.8565,0.3475,0.1715,0.24,0.44
0.63,20,0.165,1.352,0.488,0.349,0.45,0.515
0.545,13,0.14,0.625,0.223,0.16,0.235,0.41
0.58,13,0.175,1.068,0.425,0.203,0.32,0.45
0.6,19,0.16,1.015,0.3995,0.1735,0.33,0.5
0.6,20,0.155,1.036,0.4375,0.196,0.325,0.47
0.565,18,0.17,0.9065,0.342,0.156,0.32,0.455
0.545,22,0.14,0.7505,0.2475,0.13,0.255,0.42
0.5,11,0.15,0.662,0.2815,0.137,0.22,0.41
0.39,9,0.09,0.3055,0.143,0.0645,0.085,0.3
0.5,13,0.165,0.6885,0.249,0.138,0.25,0.415
0.565,13,0.185,0.9815,0.329,0.136,0.39,0.435
0.565,16,0.185,0.9265,0.354,0.1575,0.375,0.455
0.605,12,0.175,1.098,0.4765,0.232,0.375,0.5
0.725,16,0.215,1.891,0.6975,0.4725,0.58,0.565
0.575,11,0.14,0.8375,0.3485,0.1735,0.24,0.47
0.38,11,0.1,0.2665,0.115,0.061,0.075,0.285
0.655,13,0.195,1.388,0.567,0.2735,0.41,0.53
0.675,21,0.2,1.4385,0.545,0.2665,0.465,0.555
0.53,17,0.175,0.7395,0.261,0.1395,0.2645,0.415
0.665,17,0.175,1.347,0.4955,0.254,0.415,0.54
0.735,21,0.225,1.756,0.637,0.3405,0.58,0.59
0.66,16,0.185,1.32,0.5305,0.2635,0.455,0.545
0.575,17,0.155,0.9325,0.3605,0.2445,0.3,0.4
0.57,15,0.125,0.849,0.3785,0.1765,0.24,0.465
0.63,12,0.145,1.0115,0.4235,0.237,0.305,0.48
0.55,11,0.13,0.92,0.378,0.2385,0.29,0.45
0.54,11,0.135,0.8075,0.3485,0.1795,0.235,0.42
0.59,14,0.145,1.073,0.475,0.19,0.285,0.455
0.58,13,0.13,0.921,0.357,0.181,0.29,0.46
0.655,15,0.175,1.2635,0.486,0.2635,0.415,0.53
0.625,17,0.195,1.369,0.5875,0.2185,0.37,0.5
0.555,10,0.175,0.874,0.3275,0.202,0.305,0.45
0.6,15,0.175,1.105,0.4865,0.247,0.315,0.47
0.56,12,0.235,0.8395,0.3325,0.157,0.305,0.46
0.585,15,0.225,1.055,0.3815,0.221,0.365,0.455
0.56,11,0.18,0.889,0.36,0.204,0.25,0.435
0.31,6,0.085,0.146,0.061,0.0365,0.045,0.22
0.27,6,0.08,0.1,0.0385,0.0195,0.03,0.195
0.4,9,0.115,0.2795,0.1115,0.0575,0.075,0.29
0.28,5,0.08,0.0915,0.033,0.0215,0.03,0.2
0.325,4,0.09,0.147,0.06,0.034,0.045,0.23
0.21,3,0.05,0.0385,0.0155,0.0085,0.01,0.15
0.2,5,0.055,0.035,0.0145,0.008,0.01,0.14
0.235,4,0.06,0.0545,0.0265,0.0095,0.015,0.16
0.175,4,0.04,0.024,0.0095,0.006,0.005,0.125
0.155,3,0.04,0.0155,0.0065,0.003,0.005,0.11
0.385,9,0.095,0.24,0.0885,0.059,0.085,0.3
0.29,7,0.075,0.1165,0.043,0.0255,0.04,0.23
0.275,5,0.07,0.094,0.0335,0.02,0.0325,0.205
0.42,15,0.115,0.2885,0.1,0.057,0.1135,0.325
0.445,8,0.115,0.3615,0.1565,0.0695,0.117,0.35
0.32,11,0.075,0.1555,0.0585,0.038,0.049,0.245
0.255,8,0.065,0.08,0.0315,0.018,0.027,0.195
0.205,7,0.045,0.0425,0.017,0.0055,0.0155,0.155
0.35,10,0.065,0.179,0.0705,0.0385,0.06,0.255
0.28,7,0.08,0.1085,0.041,0.0265,0.0345,0.21
0.45,14,0.14,0.4625,0.164,0.076,0.15,0.335
0.535,12,0.15,0.6995,0.2575,0.153,0.24,0.42
0.345,9,0.09,0.195,0.078,0.0455,0.059,0.27
0.37,10,0.1,0.228,0.0675,0.0675,0.081,0.285
0.35,12,0.09,0.1775,0.0575,0.042,0.068,0.265
0.195,4,0.05,0.032,0.01,0.008,0.012,0.145
0.325,9,0.075,0.155,0.0475,0.0355,0.06,0.24
0.415,13,0.135,0.3865,0.128,0.07,0.148,0.345
0.32,7,0.085,0.17,0.0655,0.047,0.049,0.24
0.31,9,0.075,0.1295,0.0455,0.0335,0.044,0.225
0.235,7,0.055,0.0515,0.018,0.0105,0.0195,0.17
0.345,10,0.08,0.169,0.06,0.0425,0.054,0.255
0.34,10,0.085,0.1835,0.077,0.046,0.065,0.265
0.46,10,0.125,0.467,0.1895,0.0945,0.158,0.365
0.36,9,0.1,0.2105,0.066,0.0525,0.075,0.295
0.355,8,0.09,0.168,0.05,0.041,0.063,0.265
0.38,7,0.1,0.258,0.1055,0.054,0.08,0.235
0.355,6,0.085,0.1905,0.081,0.0485,0.055,0.26
0.325,7,0.085,0.173,0.0795,0.038,0.05,0.24
0.33,7,0.095,0.1875,0.0735,0.045,0.06,0.255
0.45,9,0.13,0.3715,0.1605,0.0795,0.105,0.34
0.33,6,0.075,0.1145,0.045,0.0265,0.035,0.215
0.48,9,0.145,0.777,0.216,0.13,0.17,0.375
0.255,5,0.065,0.079,0.034,0.014,0.025,0.18
0.31,7,0.08,0.1345,0.054,0.024,0.05,0.225
0.295,7,0.075,0.129,0.05,0.0295,0.04,0.215
0.455,11,0.12,0.4835,0.1815,0.144,0.16,0.35
0.55,13,0.155,0.9175,0.2775,0.243,0.335,0.425
0.475,14,0.145,0.6175,0.235,0.108,0.215,0.385
0.49,21,0.15,0.573,0.225,0.124,0.17,0.39
0.54,12,0.145,0.74,0.2635,0.168,0.245,0.415
0.485,10,0.14,0.5725,0.204,0.1415,0.175,0.37
0.535,16,0.185,0.8345,0.3175,0.1725,0.29,0.405
0.51,10,0.14,0.6515,0.2455,0.1665,0.185,0.4
0.565,15,0.185,0.909,0.344,0.2325,0.255,0.44
0.525,11,0.17,0.7305,0.279,0.2055,0.195,0.4
0.59,11,0.15,0.9555,0.366,0.2425,0.295,0.44
0.5,10,0.15,0.636,0.2535,0.145,0.19,0.375
0.38,9,0.12,0.283,0.1175,0.0655,0.085,0.29
0.28,5,0.1,0.1165,0.0545,0.0285,0.03,0.205
0.385,12,0.105,0.2905,0.1215,0.0685,0.0875,0.285
0.395,12,0.115,0.316,0.1205,0.0595,0.1105,0.295
0.4,9,0.125,0.417,0.191,0.09,0.1175,0.3
0.415,10,0.14,0.417,0.1535,0.1015,0.144,0.325
0.315,11,0.09,0.203,0.0615,0.037,0.0795,0.25
0.36,10,0.13,0.2765,0.0895,0.057,0.1005,0.295
0.375,11,0.1,0.2465,0.104,0.0475,0.083,0.3
0.355,8,0.085,0.201,0.069,0.053,0.0695,0.265
0.35,9,0.08,0.1915,0.08,0.0385,0.063,0.255
0.555,13,0.16,1.0575,0.3925,0.228,0.293,0.455
0.555,15,0.15,1.092,0.416,0.212,0.4405,0.44
0.525,15,0.13,0.99,0.3865,0.243,0.295,0.41
0.465,11,0.08,0.488,0.191,0.125,0.155,0.36
0.4,10,0.085,0.297,0.108,0.0705,0.1,0.305
0.505,13,0.125,0.77,0.2735,0.159,0.255,0.4
0.525,11,0.13,0.8295,0.2405,0.1825,0.275,0.4
0.545,13,0.13,0.879,0.374,0.1695,0.23,0.42
0.52,15,0.12,0.823,0.298,0.1805,0.265,0.4
0.505,13,0.13,0.656,0.227,0.1785,0.22,0.38
0.525,18,0.12,0.8665,0.2825,0.176,0.29,0.425
0.51,10,0.125,0.6565,0.262,0.1835,0.175,0.39
0.52,12,0.115,0.669,0.2385,0.172,0.205,0.385
0.535,14,0.135,0.862,0.2855,0.1525,0.32,0.41
0.445,10,0.09,0.3795,0.143,0.074,0.125,0.345
0.53,14,0.205,0.835,0.32,0.2175,0.245,0.44
0.53,20,0.13,0.8425,0.275,0.1945,0.265,0.415
0.52,9,0.14,0.6595,0.2485,0.2035,0.16,0.385
0.535,14,0.13,0.8055,0.301,0.181,0.28,0.42
0.695,15,0.175,1.5165,0.578,0.4105,0.39,0.515
0.485,10,0.12,0.547,0.215,0.1615,0.14,0.355
0.65,20,0.175,1.4805,0.5295,0.272,0.525,0.515
0.62,13,0.185,1.5275,0.69,0.368,0.35,0.505
0.615,20,0.155,1.1375,0.367,0.236,0.37,0.525
0.57,13,0.155,1.116,0.4775,0.2315,0.27,0.44
0.57,15,0.12,1.0615,0.348,0.167,0.31,0.43
0.585,15,0.15,1.2565,0.435,0.202,0.325,0.405
0.64,14,0.19,1.613,0.6215,0.361,0.47,0.51
0.545,11,0.15,0.978,0.3365,0.1905,0.3,0.45
0.345,9,0.095,0.197,0.0665,0.05,0.07,0.27
0.385,8,0.115,0.2685,0.0975,0.0825,0.085,0.275
0.455,9,0.135,0.462,0.1675,0.158,0.12,0.34
0.49,10,0.14,0.7605,0.245,0.167,0.185,0.38
0.53,11,0.165,0.732,0.189,0.17,0.31,0.41
0.505,15,0.145,0.6775,0.236,0.179,0.2,0.385
0.49,13,0.14,0.6385,0.2305,0.142,0.195,0.38
0.465,15,0.14,0.5755,0.2015,0.1505,0.19,0.35
0.56,13,0.165,0.93,0.3505,0.237,0.3,0.41
0.505,12,0.15,0.6415,0.246,0.152,0.215,0.385
0.515,10,0.145,0.8815,0.292,0.206,0.255,0.435
0.55,15,0.175,1.042,0.3295,0.2325,0.2905,0.415
0.495,12,0.135,0.709,0.211,0.1375,0.262,0.385
0.47,9,0.18,0.51,0.1915,0.1285,0.1625,0.37
0.575,12,0.165,0.9215,0.3275,0.225,0.256,0.45
0.58,12,0.16,1.0345,0.315,0.26,0.3635,0.465
0.515,15,0.145,0.695,0.215,0.1635,0.234,0.405
0.53,11,0.155,0.7155,0.2805,0.1685,0.214,0.41
0.44,9,0.11,0.394,0.157,0.096,0.122,0.335
0.52,11,0.16,0.745,0.255,0.157,0.2885,0.42
0.46,10,0.135,0.495,0.1655,0.117,0.185,0.34
0.45,10,0.125,0.349,0.119,0.1055,0.115,0.335
0.425,9,0.13,0.4405,0.152,0.0935,0.155,0.33
0.515,10,0.135,0.6615,0.2875,0.2095,0.155,0.38
0.405,7,0.12,0.3185,0.1235,0.0905,0.095,0.305
0.505,12,0.14,0.875,0.2665,0.174,0.285,0.405
0.415,6,0.1,0.325,0.156,0.0505,0.091,0.305
0.47,8,0.12,0.5805,0.266,0.0935,0.169,0.375
0.49,8,0.125,0.609,0.3065,0.096,0.1775,0.385
0.5,9,0.125,0.5975,0.27,0.1275,0.166,0.4
0.505,8,0.14,0.8275,0.3415,0.1855,0.239,0.44
0.525,8,0.13,0.7635,0.3375,0.1425,0.225,0.395
0.54,9,0.125,0.891,0.4815,0.1915,0.202,0.405
0.55,10,0.15,1.0145,0.407,0.2015,0.2875,0.45
0.555,9,0.145,0.9685,0.4985,0.168,0.2385,0.435
0.565,10,0.155,1.0595,0.4735,0.24,0.265,0.45
0.57,9,0.15,0.952,0.3895,0.2155,0.2745,0.455
0.57,10,0.13,0.7535,0.349,0.1755,0.194,0.435
0.59,9,0.165,1.077,0.4545,0.244,0.3095,0.475
0.59,12,0.13,1.102,0.455,0.2055,0.33,0.46
0.6,11,0.175,1.3445,0.549,0.2875,0.36,0.475
0.6,11,0.175,1.29,0.606,0.276,0.3445,0.495
0.605,9,0.16,1.1035,0.421,0.3015,0.325,0.455
0.615,9,0.15,1.296,0.545,0.3315,0.32,0.51
0.615,12,0.165,1.34,0.5315,0.2815,0.41,0.505
0.62,9,0.165,1.307,0.6355,0.2545,0.315,0.5
0.63,14,0.165,1.26,0.4525,0.2755,0.406,0.505
0.635,9,0.17,1.3555,0.619,0.305,0.39,0.51
0.65,11,0.175,1.4715,0.675,0.315,0.399,0.525
0.655,9,0.165,1.4095,0.586,0.291,0.405,0.52
0.655,17,0.205,2.0805,0.959,0.3415,0.601,0.58
0.66,15,0.17,1.3905,0.5905,0.212,0.453,0.53
0.66,10,0.19,1.558,0.755,0.298,0.4,0.52
0.73,17,0.23,2.8255,1.1465,0.419,0.897,0.595
0.47,8,0.12,0.612,0.327,0.15,0.14,0.365
0.475,9,0.125,0.537,0.222,0.1215,0.15,0.37
0.48,6,0.115,0.6765,0.3205,0.1065,0.17,0.375
0.48,6,0.145,0.64,0.2925,0.1405,0.1575,0.385
0.48,8,0.1,0.439,0.194,0.099,0.115,0.36
0.48,7,0.12,0.6015,0.312,0.117,0.14,0.365
0.49,8,0.125,0.649,0.32,0.124,0.1695,0.385
0.495,8,0.135,0.6335,0.3035,0.1295,0.1495,0.395
0.495,7,0.135,0.61,0.272,0.1435,0.144,0.4
0.5,6,0.135,0.6595,0.3145,0.1535,0.1565,0.39
0.5,7,0.135,0.6425,0.3195,0.129,0.1535,0.385
0.5,7,0.125,0.6725,0.336,0.12,0.1825,0.4
0.505,9,0.125,0.642,0.289,0.133,0.155,0.41
0.51,8,0.135,0.769,0.3935,0.1455,0.19,0.39
0.51,8,0.15,0.7035,0.347,0.134,0.1885,0.405
0.51,8,0.145,0.796,0.3865,0.1815,0.1955,0.41
0.515,7,0.155,0.7125,0.3695,0.137,0.155,0.39
0.525,11,0.14,0.7325,0.334,0.1575,0.17,0.4
0.53,7,0.125,0.6515,0.2715,0.1605,0.186,0.405
0.535,8,0.14,0.7165,0.2855,0.1595,0.2155,0.43
0.535,8,0.14,0.874,0.3735,0.229,0.2195,0.435
0.57,10,0.155,1.195,0.5625,0.2565,0.295,0.45
0.57,10,0.155,1.1935,0.513,0.21,0.343,0.45
0.57,8,0.14,1.0635,0.5265,0.2195,0.24,0.445
0.57,7,0.17,0.9035,0.4075,0.1935,0.214,0.46
0.575,9,0.16,1.114,0.4955,0.2745,0.29,0.475
0.58,10,0.15,1.012,0.4985,0.2115,0.2835,0.455
0.58,9,0.13,1.1335,0.586,0.2565,0.237,0.49
0.59,11,0.155,1.136,0.5245,0.2615,0.275,0.465
0.59,8,0.16,1.206,0.479,0.2425,0.309,0.47
0.595,9,0.165,1.213,0.621,0.2435,0.274,0.475
0.595,9,0.15,1.044,0.518,0.2205,0.27,0.455
0.605,9,0.155,1.161,0.572,0.2455,0.275,0.475
0.605,11,0.165,1.2315,0.6025,0.262,0.2925,0.47
0.61,11,0.15,1.1625,0.565,0.258,0.3085,0.47
0.61,10,0.155,1.168,0.554,0.239,0.3295,0.475
0.625,10,0.175,1.3325,0.5705,0.271,0.405,0.49
0.63,8,0.155,1.278,0.637,0.275,0.31,0.485
0.63,8,0.15,1.1785,0.5185,0.248,0.3235,0.48
0.635,11,0.175,1.375,0.623,0.2705,0.395,0.49
0.635,10,0.185,1.4065,0.684,0.3,0.3745,0.525
0.64,10,0.155,1.4025,0.705,0.2655,0.335,0.505
0.645,11,0.175,1.636,0.779,0.342,0.432,0.52
0.645,8,0.175,1.561,0.709,0.3555,0.4,0.52
0.645,11,0.175,1.3385,0.633,0.299,0.349,0.5
0.65,9,0.16,1.304,0.57,0.312,0.3725,0.495
0.65,11,0.21,1.6785,0.6665,0.308,0.46,0.52
0.65,10,0.185,1.622,0.6645,0.3225,0.477,0.525
0.66,9,0.19,1.5905,0.6425,0.297,0.5175,0.535
0.66,10,0.195,1.6275,0.594,0.3595,0.485,0.495
0.67,11,0.165,1.6085,0.682,0.3145,0.4005,0.525
0.68,12,0.185,1.607,0.7245,0.3215,0.498,0.535
0.69,8,0.175,1.7005,0.8255,0.362,0.405,0.525
0.69,10,0.2,1.872,0.893,0.4015,0.48,0.505
0.71,11,0.205,2.198,1.012,0.5225,0.5475,0.565
0.715,10,0.175,1.9525,0.7645,0.4185,0.4135,0.565
0.765,12,0.22,2.302,1.007,0.509,0.6205,0.6
0.43,7,0.12,0.397,0.1985,0.0865,0.1035,0.335
0.47,7,0.105,0.544,0.27,0.1395,0.129,0.36
0.49,7,0.125,0.5225,0.235,0.13,0.141,0.465
0.5,6,0.125,0.5215,0.2485,0.117,0.131,0.39
0.52,9,0.145,0.7765,0.3525,0.1845,0.185,0.4
0.525,9,0.12,0.7555,0.3755,0.1555,0.201,0.405
0.545,7,0.135,0.7835,0.4225,0.1815,0.156,0.39
0.545,9,0.12,0.793,0.434,0.1405,0.19,0.41
0.545,9,0.14,0.82,0.4615,0.127,0.218,0.415
0.55,10,0.15,0.8315,0.411,0.1765,0.2165,0.425
0.56,9,0.145,0.8995,0.464,0.1775,0.234,0.43
0.56,8,0.16,0.8965,0.42,0.2175,0.2215,0.445
0.56,8,0.145,0.852,0.43,0.1885,0.205,0.415
0.565,9,0.15,0.9595,0.4565,0.2395,0.23,0.455
0.565,8,0.15,0.99,0.5795,0.1825,0.206,0.435
0.57,9,0.15,1.0375,0.5415,0.2035,0.25,0.46
0.575,9,0.14,0.8455,0.401,0.191,0.222,0.435
0.575,9,0.135,0.907,0.4245,0.197,0.26,0.455
0.575,9,0.17,1.0225,0.549,0.2175,0.228,0.445
0.575,9,0.145,0.847,0.415,0.1945,0.22,0.445
0.58,8,0.15,1.114,0.4765,0.2155,0.265,0.455
0.58,9,0.195,1.859,0.945,0.426,0.441,0.455
0.58,9,0.135,0.814,0.3775,0.1915,0.22,0.445
0.58,9,0.14,0.9615,0.486,0.1815,0.253,0.45
0.58,8,0.145,1.0025,0.547,0.1975,0.2295,0.45
0.585,9,0.145,0.9335,0.478,0.1825,0.235,0.46
0.585,7,0.16,0.9555,0.4595,0.236,0.265,0.465
0.59,8,0.15,0.9955,0.481,0.232,0.24,0.47
0.6,8,0.17,1.1915,0.696,0.2395,0.24,0.455
0.6,10,0.155,1.0165,0.512,0.2465,0.225,0.465
0.605,9,0.14,1.1175,0.555,0.257,0.274,0.475
0.605,10,0.17,1.1835,0.582,0.2365,0.317,0.48
0.61,8,0.16,1.0145,0.5315,0.212,0.2415,0.485
0.61,9,0.145,1.3305,0.783,0.2255,0.2865,0.485
0.61,9,0.165,1.052,0.498,0.242,0.267,0.47
0.615,10,0.17,1.0565,0.4815,0.272,0.27,0.46
0.62,8,0.135,1.0195,0.5315,0.2005,0.2475,0.47
0.62,8,0.2,0.858,0.4285,0.1525,0.2405,0.45
0.625,8,0.185,1.2065,0.587,0.29,0.286,0.48
0.63,8,0.155,1.1325,0.589,0.211,0.287,0.47
0.63,10,0.175,1.2645,0.5635,0.3065,0.3425,0.5
0.64,10,0.165,1.369,0.632,0.3415,0.358,0.515
0.645,10,0.195,1.39,0.6465,0.2945,0.3735,0.53
0.65,11,0.155,1.202,0.565,0.3135,0.294,0.5
0.655,11,0.16,1.31,0.553,0.369,0.345,0.515
0.665,8,0.16,1.363,0.629,0.279,0.34,0.525
0.685,10,0.165,1.519,0.699,0.3685,0.4,0.52
0.69,12,0.21,1.583,0.7355,0.405,0.3865,0.53
0.695,10,0.185,1.74,0.885,0.3715,0.4375,0.56
0.7,9,0.18,1.751,0.895,0.3355,0.446,0.565
0.7,12,0.19,2.273,1.095,0.418,0.638,0.575
0.715,12,0.19,2.0045,1.0465,0.407,0.5075,0.55
0.715,10,0.19,1.6755,0.889,0.313,0.42,0.535
0.72,8,0.145,1.187,0.691,0.1945,0.2685,0.565
0.725,12,0.185,1.978,1.026,0.4255,0.4505,0.505
0.735,11,0.185,2.124,0.952,0.55,0.5,0.585
0.745,11,0.215,1.931,0.896,0.4585,0.5,0.565
0.755,10,0.205,2.0065,0.8295,0.4015,0.595,0.58
0.495,8,0.12,0.553,0.224,0.1375,0.167,0.395
0.5,9,0.135,0.6765,0.302,0.1415,0.2065,0.42
0.525,9,0.155,0.842,0.428,0.1415,0.2045,0.42
0.535,9,0.15,0.717,0.3475,0.1445,0.194,0.435
0.55,9,0.15,0.8745,0.413,0.1905,0.248,0.43
0.555,9,0.14,0.8705,0.407,0.156,0.255,0.44
0.565,8,0.15,0.796,0.3635,0.184,0.219,0.445
0.565,11,0.125,0.744,0.352,0.13,0.1685,0.39
0.57,10,0.17,0.873,0.382,0.183,0.2705,0.435
0.57,9,0.125,0.8965,0.383,0.1835,0.275,0.435
0.575,10,0.155,0.892,0.4415,0.176,0.22,0.46
0.58,10,0.155,1.4395,0.6715,0.273,0.2955,0.46
0.58,10,0.135,0.7955,0.405,0.167,0.204,0.455
0.585,9,0.155,0.9145,0.4555,0.1965,0.235,0.465
0.585,10,0.185,1.171,0.522,0.2535,0.335,0.49
0.585,10,0.165,1.1135,0.5825,0.2345,0.274,0.46
0.585,10,0.165,1.409,0.8,0.229,0.295,0.47
0.585,10,0.15,1.065,0.5315,0.199,0.2885,0.475
0.585,8,0.18,0.7995,0.336,0.1855,0.237,0.45
0.59,9,0.18,1.187,0.5985,0.227,0.31,0.47
0.59,10,0.155,0.8855,0.388,0.188,0.275,0.455
0.6,10,0.17,1.1315,0.508,0.272,0.309,0.475
0.6,11,0.155,1.014,0.451,0.1885,0.325,0.48
0.6,11,0.155,0.9595,0.4455,0.189,0.295,0.46
0.605,10,0.14,0.9755,0.419,0.206,0.315,0.49
0.61,10,0.15,0.871,0.407,0.1835,0.25,0.45
0.61,12,0.165,1.244,0.6345,0.257,0.305,0.48
0.61,10,0.17,1.0265,0.435,0.2335,0.3035,0.475
0.61,10,0.17,1.137,0.4565,0.29,0.347,0.48
0.61,10,0.16,1,0.494,0.197,0.275,0.46
0.615,10,0.165,1.128,0.4465,0.2195,0.34,0.47
0.615,10,0.17,1.054,0.4845,0.228,0.295,0.5
0.615,10,0.17,1.129,0.4795,0.302,0.3,0.475
0.615,9,0.175,1.118,0.446,0.3195,0.3,0.48
0.62,10,0.175,1.2815,0.5715,0.2385,0.39,0.51
0.62,12,0.18,1.2555,0.5765,0.254,0.355,0.495
0.625,9,0.17,1.082,0.4955,0.2345,0.315,0.455
0.63,12,0.145,1.062,0.5065,0.1785,0.3365,0.485
0.63,12,0.16,1.093,0.497,0.221,0.315,0.495
0.635,10,0.16,1.101,0.534,0.1865,0.3455,0.49
0.635,10,0.17,1.1935,0.5205,0.2695,0.3665,0.475
0.635,10,0.155,0.986,0.405,0.2255,0.31,0.51
0.64,15,0.23,1.521,0.644,0.372,0.406,0.565
0.64,10,0.18,1.3135,0.4865,0.2995,0.4075,0.525
0.645,11,0.16,1.1835,0.556,0.2385,0.345,0.51
0.645,10,0.195,1.401,0.6165,0.3515,0.3725,0.5
0.645,11,0.16,1.5075,0.7455,0.245,0.4325,0.525
0.65,11,0.175,1.5365,0.6865,0.3585,0.405,0.525
0.65,9,0.19,1.542,0.7155,0.3735,0.375,0.51
0.655,13,0.205,1.6445,0.7305,0.3595,0.46,0.535
0.655,10,0.175,1.3585,0.6395,0.294,0.365,0.49
0.675,13,0.185,1.7375,0.876,0.3135,0.469,0.545
0.685,9,0.205,1.7925,0.8145,0.416,0.461,0.545
0.705,10,0.515,2.21,1.1075,0.4865,0.512,0.565
0.705,11,0.215,2.141,1.0465,0.383,0.528,0.555
0.72,12,0.215,2.173,0.9515,0.564,0.5365,0.575
0.415,9,0.115,0.3895,0.2015,0.065,0.103,0.315
0.44,8,0.12,0.4565,0.2435,0.092,0.1025,0.32
0.45,6,0.125,0.4475,0.2165,0.126,0.11,0.335
0.475,8,0.125,0.649,0.347,0.136,0.142,0.37
0.485,8,0.085,0.6435,0.2945,0.103,0.198,0.39
0.485,6,0.13,0.526,0.2485,0.105,0.1555,0.37
0.505,9,0.105,0.5525,0.239,0.1245,0.1555,0.385
0.515,8,0.145,0.9365,0.497,0.181,0.2185,0.425
0.52,8,0.125,0.559,0.254,0.139,0.149,0.4
0.525,8,0.14,0.7205,0.3685,0.145,0.1735,0.4
0.53,8,0.125,0.7575,0.398,0.151,0.175,0.4
0.55,9,0.16,0.793,0.343,0.2035,0.215,0.425
0.57,8,0.15,0.9875,0.504,0.207,0.249,0.445
0.575,9,0.15,1.08,0.595,0.2065,0.238,0.465
0.575,8,0.165,0.9155,0.4005,0.2465,0.2385,0.46
0.585,8,0.15,0.906,0.4095,0.23,0.2335,0.455
0.59,8,0.15,0.8725,0.387,0.215,0.245,0.44
0.6,8,0.155,0.945,0.4365,0.2085,0.25,0.455
0.6,9,0.2,1.259,0.6405,0.1985,0.357,0.465
0.62,10,0.155,1.049,0.462,0.231,0.25,0.485
0.62,9,0.165,1.0725,0.4815,0.235,0.312,0.48
0.625,10,0.175,1.4105,0.691,0.322,0.3465,0.52
0.625,11,0.18,1.136,0.451,0.3245,0.305,0.47
0.63,9,0.145,1.1005,0.52,0.26,0.276,0.47
0.63,9,0.15,1.1315,0.481,0.2745,0.305,0.455
0.63,11,0.15,1.271,0.6605,0.2425,0.31,0.48
0.635,8,0.185,1.308,0.544,0.318,0.377,0.51
0.645,11,0.155,1.539,0.6405,0.3585,0.43,0.51
0.65,10,0.175,1.466,0.677,0.3045,0.4,0.515
0.65,8,0.14,1.175,0.475,0.2435,0.215,0.485
0.655,11,0.215,1.7835,0.8885,0.4095,0.4195,0.51
0.66,10,0.165,1.374,0.589,0.351,0.345,0.505
0.67,11,0.2,1.7025,0.833,0.374,0.41,0.545
0.67,10,0.175,1.5265,0.651,0.4475,0.345,0.51
0.67,10,0.19,1.519,0.616,0.388,0.415,0.5
0.68,11,0.17,1.6115,0.8415,0.306,0.395,0.515
0.69,12,0.2,1.7825,0.9165,0.3325,0.461,0.525
0.7,11,0.2,1.858,0.73,0.3665,0.595,0.555
0.705,10,0.165,1.675,0.797,0.4095,0.388,0.56
0.72,12,0.2,2.1055,1.017,0.363,0.494,0.565
0.725,13,0.24,2.21,1.351,0.413,0.5015,0.575
0.74,10,0.18,1.8725,0.9115,0.427,0.446,0.57
0.75,11,0.18,1.893,0.942,0.397,0.445,0.55
0.475,7,0.1,0.4285,0.1965,0.099,0.112,0.36
0.48,8,0.16,0.464,0.221,0.106,0.239,0.355
0.525,8,0.145,0.845,0.3525,0.1635,0.2875,0.415
0.525,9,0.155,0.707,0.282,0.1605,0.225,0.4
0.54,10,0.14,0.972,0.419,0.255,0.269,0.455
0.55,10,0.14,0.7625,0.327,0.1685,0.259,0.435
0.56,10,0.135,0.849,0.3265,0.221,0.2645,0.425
0.565,9,0.125,0.802,0.3595,0.1825,0.215,0.44
0.565,10,0.15,0.831,0.4245,0.1735,0.219,0.43
0.57,9,0.14,0.795,0.3385,0.148,0.245,0.45
0.575,8,0.165,0.867,0.3765,0.1805,0.268,0.455
0.575,10,0.185,0.985,0.3745,0.2175,0.355,0.47
0.575,9,0.16,0.839,0.4005,0.198,0.239,0.445
0.575,13,0.16,0.9615,0.483,0.166,0.275,0.44
0.58,10,0.155,1.0335,0.469,0.2225,0.295,0.46
0.58,10,0.13,0.798,0.365,0.173,0.2285,0.43
0.59,10,0.165,1.207,0.559,0.235,0.309,0.49
0.595,10,0.14,0.838,0.3965,0.194,0.217,0.45
0.595,10,0.145,0.959,0.463,0.2065,0.2535,0.45
0.6,9,0.165,0.9165,0.4135,0.1965,0.2725,0.48
0.6,9,0.165,1.059,0.504,0.241,0.275,0.47
0.6,10,0.16,1.194,0.5625,0.3045,0.2635,0.47
0.605,8,0.145,0.884,0.3835,0.1905,0.27,0.475
0.61,10,0.155,0.983,0.4565,0.228,0.266,0.475
0.61,9,0.16,1.022,0.449,0.2345,0.2945,0.47
0.61,9,0.17,1.1185,0.5225,0.2405,0.31,0.47
0.615,10,0.16,1.0175,0.473,0.2395,0.28,0.47
0.615,9,0.175,1.224,0.6035,0.261,0.311,0.475
0.62,13,0.175,1.221,0.535,0.241,0.395,0.515
0.62,12,0.15,1.266,0.6285,0.2575,0.309,0.48
0.625,11,0.165,1.1165,0.4895,0.2615,0.3325,0.49
0.625,10,0.16,1.0845,0.5005,0.2355,0.3105,0.475
0.625,9,0.17,1.0985,0.4645,0.22,0.354,0.5
0.63,9,0.17,1.0915,0.4615,0.266,0.3,0.505
0.63,11,0.17,1.1745,0.5255,0.273,0.339,0.49
0.63,10,0.165,1.233,0.6565,0.2315,0.3035,0.485
0.63,11,0.175,1.2695,0.605,0.271,0.328,0.495
0.635,12,0.17,1.4345,0.611,0.309,0.418,0.5
0.64,10,0.18,1.247,0.5475,0.2925,0.3685,0.515
0.64,11,0.185,1.707,0.763,0.4205,0.4435,0.525
0.645,10,0.15,1.1605,0.519,0.2615,0.335,0.505
0.645,12,0.175,1.286,0.5645,0.288,0.386,0.5
0.645,14,0.19,1.5595,0.741,0.3715,0.3845,0.5
0.645,9,0.19,1.4745,0.605,0.345,0.48,0.51
0.645,10,0.195,1.226,0.5885,0.2215,0.3745,0.51
0.645,9,0.16,1.33,0.6665,0.309,0.317,0.51
0.645,10,0.175,1.3375,0.554,0.308,0.415,0.5
0.645,9,0.15,1.2215,0.5695,0.2735,0.33,0.485
0.65,11,0.19,1.274,0.59,0.23,0.391,0.505
0.65,11,0.185,1.488,0.665,0.337,0.378,0.525
0.65,9,0.16,1.3835,0.6385,0.2905,0.3665,0.51
0.655,10,0.18,1.274,0.586,0.281,0.365,0.55
0.66,9,0.165,1.3195,0.667,0.269,0.341,0.5
0.66,10,0.195,1.5505,0.6505,0.3295,0.495,0.53
0.66,14,0.165,1.6375,0.7685,0.3545,0.3925,0.51
0.665,11,0.175,1.443,0.6635,0.3845,0.353,0.525
0.665,11,0.16,1.289,0.6145,0.253,0.3665,0.505
0.665,12,0.175,1.3725,0.606,0.32,0.395,0.52
0.665,9,0.175,1.2975,0.6075,0.314,0.315,0.5
0.67,12,0.16,1.2585,0.6255,0.311,0.308,0.505
0.67,11,0.165,1.39,0.711,0.2865,0.3,0.52
0.675,13,0.16,1.2835,0.572,0.2755,0.3545,0.525
0.68,10,0.195,1.4535,0.592,0.391,0.4125,0.52
0.685,11,0.15,1.3735,0.7185,0.293,0.32,0.52
0.7,10,0.175,1.8565,0.8445,0.3935,0.54,0.565
0.71,11,0.215,2.009,0.9895,0.4475,0.502,0.575
0.71,11,0.22,2.015,0.9215,0.454,0.566,0.56
0.72,10,0.2,1.8275,0.919,0.366,0.485,0.57
0.72,13,0.205,2.125,1.1455,0.4425,0.511,0.55
0.735,11,0.215,1.747,0.7275,0.403,0.557,0.59
0.75,12,0.205,2.2205,1.083,0.421,0.63,0.595
0.77,12,0.195,2.5155,1.1155,0.6415,0.642,0.62
0.775,12,0.25,2.7795,1.3485,0.76,0.578,0.63
0.39,7,0.125,0.564,0.3035,0.0955,0.143,0.28
0.445,7,0.12,0.414,0.199,0.09,0.117,0.32
0.465,7,0.115,0.5795,0.295,0.1395,0.12,0.36
0.485,9,0.155,0.968,0.419,0.2455,0.2365,0.37
0.5,9,0.15,1.0615,0.494,0.223,0.296,0.37
0.515,9,0.155,0.9225,0.4185,0.198,0.273,0.35
0.515,8,0.135,1.007,0.472,0.2495,0.252,0.395
0.525,10,0.17,0.9605,0.438,0.2225,0.276,0.365
0.525,7,0.125,0.65,0.303,0.155,0.159,0.38
0.53,8,0.14,0.7545,0.3495,0.1715,0.2105,0.41
0.55,10,0.16,1.3405,0.6325,0.311,0.344,0.42
0.57,9,0.175,1.02,0.4805,0.2145,0.29,0.455
0.575,10,0.185,1.025,0.5075,0.2245,0.2485,0.44
0.585,10,0.145,0.953,0.3945,0.2685,0.258,0.455
0.6,11,0.175,1.3005,0.6195,0.284,0.3285,0.495
0.6,9,0.165,1.038,0.4975,0.2205,0.251,0.465
0.605,9,0.175,1.2525,0.5575,0.3055,0.343,0.475
0.605,10,0.15,1.15,0.575,0.232,0.297,0.475
0.62,10,0.145,1.0865,0.511,0.2715,0.2565,0.47
0.625,9,0.175,1.254,0.5815,0.286,0.3185,0.495
0.625,11,0.185,1.169,0.5275,0.2535,0.344,0.49
0.635,11,0.195,1.172,0.445,0.3115,0.3475,0.495
0.645,9,0.16,1.3815,0.672,0.326,0.315,0.5
0.65,11,0.19,1.6125,0.777,0.3685,0.3965,0.525
0.65,10,0.16,1.7395,0.5715,0.2785,0.3075,0.485
0.655,10,0.19,1.4245,0.6325,0.333,0.378,0.545
0.695,11,0.19,1.726,0.7625,0.436,0.455,0.53
0.72,11,0.18,1.5865,0.691,0.375,0.4425,0.56
0.73,11,0.21,2.069,0.9285,0.409,0.643,0.575
0.515,8,0.11,0.5785,0.253,0.16,0.14,0.385
0.555,8,0.14,0.7495,0.341,0.1645,0.214,0.435
0.555,8,0.125,0.599,0.2345,0.1465,0.194,0.41
0.555,7,0.13,0.7075,0.332,0.1585,0.18,0.4
0.555,9,0.135,0.837,0.382,0.171,0.235,0.455
0.565,7,0.125,0.667,0.302,0.1545,0.185,0.415
0.565,11,0.155,0.9355,0.421,0.183,0.26,0.455
0.565,9,0.16,0.895,0.415,0.195,0.246,0.45
0.57,11,0.155,1.0005,0.454,0.205,0.265,0.46
0.57,11,0.155,0.832,0.3585,0.174,0.277,0.455
0.57,9,0.175,0.9415,0.3805,0.2285,0.283,0.44
0.57,13,0.13,0.88,0.4275,0.1955,0.238,0.415
0.575,9,0.13,0.785,0.318,0.193,0.2265,0.45
0.575,9,0.155,0.9765,0.495,0.2145,0.235,0.45
0.575,10,0.135,0.992,0.432,0.2225,0.239,0.435
0.575,11,0.155,1.013,0.4685,0.2085,0.295,0.455
0.575,10,0.145,0.876,0.3795,0.1615,0.27,0.445
0.575,9,0.145,0.857,0.3665,0.173,0.269,0.475
0.58,10,0.15,1.0465,0.518,0.2185,0.2795,0.44
0.58,9,0.16,0.8295,0.3365,0.2005,0.2485,0.44
0.595,10,0.15,0.886,0.4315,0.201,0.223,0.455
0.6,11,0.17,1.1805,0.456,0.337,0.329,0.46
0.6,10,0.15,0.99,0.386,0.2195,0.3105,0.475
0.605,10,0.18,1.1155,0.479,0.2565,0.321,0.47
0.61,8,0.14,1.031,0.4375,0.2615,0.27,0.48
0.615,11,0.145,1.0285,0.4435,0.2825,0.285,0.47
0.615,9,0.15,1.0875,0.4975,0.283,0.2685,0.47
0.615,10,0.2,1.219,0.564,0.227,0.3885,0.495
0.62,11,0.16,1.035,0.44,0.2525,0.285,0.49
0.62,9,0.15,1.195,0.4605,0.302,0.355,0.49
0.62,15,0.195,1.5145,0.579,0.346,0.5195,0.495
0.62,9,0.15,1.309,0.587,0.4405,0.325,0.47
0.62,12,0.155,1.0295,0.425,0.2315,0.335,0.485
0.625,11,0.155,1.0485,0.487,0.212,0.3215,0.495
0.625,9,0.17,1.331,0.5725,0.3005,0.361,0.515
0.625,10,0.185,1.1565,0.52,0.2405,0.3535,0.505
0.63,9,0.155,1.2525,0.63,0.246,0.289,0.49
0.635,12,0.16,1.195,0.5435,0.246,0.335,0.525
0.635,12,0.165,1.273,0.6535,0.213,0.365,0.5
0.635,10,0.165,1.229,0.5055,0.2975,0.3535,0.515
0.64,11,0.165,1.1895,0.4765,0.3,0.35,0.53
0.64,9,0.155,1.1285,0.477,0.269,0.34,0.49
0.645,11,0.175,1.32,0.6525,0.2375,0.3385,0.49
0.655,9,0.17,1.1445,0.53,0.223,0.348,0.52
0.66,11,0.175,1.218,0.5055,0.303,0.37,0.51
0.665,12,0.2,1.2695,0.5115,0.2675,0.436,0.515
0.665,12,0.18,1.429,0.6715,0.29,0.4,0.525
0.675,11,0.15,1.312,0.556,0.2845,0.4115,0.515
0.68,12,0.19,1.623,0.7165,0.354,0.4715,0.54
0.68,10,0.155,1.534,0.671,0.379,0.384,0.54
0.685,10,0.155,1.3845,0.6615,0.2145,0.4075,0.535
0.69,11,0.18,1.6915,0.6655,0.402,0.5,0.55
0.695,13,0.185,1.5715,0.6645,0.3835,0.4505,0.545
0.7,12,0.175,1.4405,0.6565,0.2985,0.375,0.55
0.7,13,0.195,1.6245,0.675,0.347,0.535,0.55
0.72,11,0.19,2.081,1.0815,0.4305,0.503,0.565
0.76,13,0.215,2.173,0.801,0.4915,0.646,0.605
0.45,8,0.105,0.4955,0.2575,0.082,0.129,0.33
0.47,10,0.135,0.522,0.2395,0.1525,0.145,0.365
0.505,9,0.12,0.653,0.3315,0.1385,0.167,0.39
0.505,12,0.135,0.5915,0.288,0.1315,0.185,0.395
0.505,10,0.115,0.4825,0.21,0.1035,0.1535,0.385
0.515,9,0.14,0.6335,0.288,0.145,0.168,0.4
0.525,9,0.13,0.6875,0.3435,0.1495,0.1765,0.41
0.545,11,0.14,0.8395,0.356,0.1905,0.2385,0.44
0.565,9,0.145,0.9255,0.4345,0.212,0.2475,0.445
0.58,9,0.16,1.063,0.513,0.2705,0.2625,0.46
0.59,10,0.165,1.115,0.5165,0.273,0.275,0.465
0.605,12,0.14,0.982,0.4295,0.2085,0.295,0.445
0.61,10,0.16,1.112,0.465,0.228,0.341,0.49
0.66,9,0.195,1.5655,0.7345,0.353,0.386,0.515
0.45,8,0.13,0.4655,0.2075,0.1045,0.135,0.35
0.46,8,0.12,0.4935,0.2435,0.1175,0.132,0.345
0.46,7,0.11,0.4595,0.235,0.0885,0.116,0.345
0.465,7,0.11,0.4955,0.2665,0.085,0.121,0.36
0.485,8,0.135,0.617,0.25,0.1345,0.1635,0.39
0.5,9,0.135,0.7815,0.361,0.1575,0.2385,0.39
0.505,7,0.13,0.6435,0.3135,0.149,0.1515,0.385
0.525,8,0.1,0.5115,0.246,0.1005,0.1455,0.385
0.535,8,0.125,0.738,0.355,0.1895,0.1795,0.42
0.55,9,0.13,0.8705,0.4455,0.2115,0.213,0.41
0.58,8,0.12,0.8685,0.418,0.1475,0.2605,0.45
0.595,9,0.15,0.919,0.4335,0.1765,0.262,0.465
0.61,8,0.165,1.2435,0.5575,0.2675,0.372,0.48
0.645,9,0.15,1.2095,0.603,0.2225,0.339,0.495
0.65,8,0.14,1.238,0.6165,0.2355,0.32,0.5
0.685,11,0.2,1.7725,0.813,0.387,0.49,0.55
0.72,11,0.22,1.914,0.9155,0.448,0.479,0.585
0.775,17,0.22,2.032,0.735,0.4755,0.6585,0.57
0.53,10,0.13,0.7455,0.2995,0.1355,0.245,0.425
0.415,7,0.1,0.3355,0.1545,0.0685,0.095,0.3
0.5,11,0.145,0.651,0.273,0.132,0.22,0.39
0.425,7,0.08,0.361,0.134,0.0825,0.125,0.33
0.47,8,0.1,0.4775,0.1885,0.0885,0.175,0.35
0.5,19,0.155,0.66,0.2655,0.1365,0.215,0.38
0.375,9,0.1,0.276,0.1175,0.0565,0.085,0.29
0.585,10,0.185,1.04,0.434,0.265,0.285,0.48
0.595,14,0.155,1.041,0.416,0.2105,0.365,0.455
0.665,27,0.225,2.1835,0.7535,0.391,0.885,0.535
0.62,13,0.17,1.2105,0.5185,0.2555,0.335,0.49
0.525,8,0.13,0.7185,0.3265,0.1975,0.175,0.405
0.425,7,0.1,0.3295,0.1365,0.0725,0.11,0.325
0.385,7,0.095,0.335,0.147,0.094,0.09,0.295
0.47,8,0.115,0.4265,0.1685,0.0755,0.15,0.375
0.62,12,0.175,1.1505,0.4375,0.2265,0.4,0.51
0.595,12,0.15,0.8915,0.359,0.2105,0.245,0.47
0.585,9,0.14,0.97,0.462,0.185,0.295,0.455
0.32,6,0.08,0.18,0.08,0.0385,0.055,0.24
0.44,9,0.11,0.4585,0.2,0.0885,0.13,0.35
0.565,12,0.1,0.7145,0.3055,0.166,0.18,0.425
0.68,14,0.205,1.496,0.5825,0.337,0.465,0.53
0.47,10,0.105,0.4665,0.2025,0.1015,0.155,0.37
0.455,9,0.105,0.401,0.1575,0.083,0.135,0.35
0.465,11,0.12,0.5205,0.2015,0.1625,0.185,0.35
0.46,12,0.135,0.4935,0.186,0.0845,0.17,0.375
0.415,8,0.09,0.3245,0.1305,0.0735,0.115,0.31
0.27,7,0.07,0.106,0.0465,0.018,0.036,0.195
0.445,10,0.11,0.4415,0.1805,0.1035,0.1505,0.355
0.55,10,0.135,0.879,0.368,0.2095,0.265,0.44
0.58,16,0.165,1.2275,0.473,0.1965,0.435,0.46
0.61,12,0.165,1.2715,0.4915,0.185,0.49,0.5
0.62,17,0.175,1.806,0.643,0.3285,0.725,0.495
0.56,14,0.195,0.8085,0.3025,0.1795,0.285,0.42
0.69,19,0.2,1.8465,0.732,0.472,0.57,0.55
0.375,5,0.09,0.3245,0.1395,0.0565,0.095,0.305
0.335,6,0.085,0.1545,0.066,0.0345,0.045,0.235
0.285,7,0.075,0.1185,0.055,0.0285,0.04,0.21
0.595,10,0.125,0.799,0.3245,0.2,0.23,0.465
0.575,12,0.185,0.925,0.342,0.197,0.35,0.45
0.535,16,0.165,0.9195,0.3355,0.1985,0.26,0.42
0.55,13,0.16,0.9295,0.317,0.1735,0.355,0.43
0.495,6,0.155,0.8085,0.2345,0.1155,0.35,0.4
0.445,9,0.12,0.4475,0.193,0.1035,0.13,0.34
0.495,14,0.135,0.6335,0.2,0.1225,0.26,0.385
0.47,12,0.135,0.547,0.222,0.1325,0.17,0.37
0.58,11,0.165,0.927,0.3215,0.1985,0.315,0.47
0.645,15,0.185,1.4935,0.5265,0.2785,0.455,0.495
0.57,19,0.16,0.9245,0.3445,0.2185,0.295,0.405
0.615,18,0.19,1.36,0.5305,0.2375,0.47,0.48
0.42,7,0.105,0.43,0.175,0.096,0.13,0.345
0.42,8,0.115,0.4215,0.175,0.093,0.135,0.34
0.66,18,0.2,1.6305,0.4865,0.297,0.61,0.505
0.565,17,0.195,1.142,0.387,0.258,0.35,0.47
0.63,17,0.23,1.539,0.5635,0.2815,0.57,0.51
0.495,14,0.15,0.853,0.3285,0.189,0.27,0.39
0.58,17,0.175,1.035,0.401,0.1865,0.385,0.465
0.59,13,0.155,0.857,0.356,0.174,0.28,0.475
0.37,7,0.095,0.2225,0.0805,0.051,0.075,0.28
0.555,13,0.165,0.7575,0.2735,0.1635,0.275,0.43
0.595,17,0.17,1.0965,0.419,0.229,0.35,0.475
0.6,13,0.175,1.229,0.4125,0.2735,0.415,0.48
0.585,17,0.19,1.171,0.3905,0.2355,0.4,0.465
0.415,12,0.125,0.388,0.068,0.09,0.125,0.315
0.465,10,0.13,0.5265,0.2105,0.1185,0.165,0.36
0.46,9,0.14,0.5105,0.192,0.1045,0.205,0.375
0.36,6,0.09,0.2225,0.083,0.053,0.075,0.27
0.655,11,0.2,1.5455,0.654,0.3765,0.415,0.59
0.6,13,0.175,1.2675,0.4995,0.2815,0.38,0.485
0.65,14,0.18,1.793,0.8005,0.339,0.53,0.495
0.51,12,0.145,0.6185,0.216,0.1385,0.24,0.395
0.52,8,0.135,0.5825,0.2505,0.1565,0.175,0.38
0.495,13,0.165,0.7485,0.264,0.134,0.285,0.415
0.43,8,0.115,0.406,0.166,0.0935,0.135,0.335
0.55,10,0.175,0.869,0.3155,0.1825,0.32,0.46
0.585,11,0.16,0.955,0.3625,0.176,0.27,0.43
0.57,12,0.16,0.8615,0.3725,0.2175,0.255,0.45
0.635,15,0.21,1.598,0.6535,0.2835,0.58,0.51
0.695,15,0.2,2.033,0.751,0.4255,0.685,0.57
0.655,20,0.185,1.259,0.487,0.2215,0.445,0.525
0.51,9,0.13,0.7175,0.3725,0.158,0.17,0.405
0.525,10,0.135,0.7575,0.3305,0.216,0.195,0.405
0.44,9,0.13,0.487,0.226,0.0965,0.155,0.375
0.475,10,0.12,0.563,0.2525,0.1205,0.185,0.375
0.525,12,0.12,0.702,0.3335,0.1465,0.22,0.425
0.475,8,0.12,0.578,0.2825,0.12,0.17,0.36
0.46,9,0.13,0.5735,0.2505,0.119,0.195,0.375
0.59,11,0.135,1.008,0.422,0.2245,0.285,0.49
0.455,11,0.13,0.515,0.2,0.1275,0.175,0.355
0.47,13,0.13,0.5795,0.2145,0.164,0.195,0.375
0.35,7,0.11,0.2965,0.1365,0.063,0.085,0.265
0.595,16,0.145,0.991,0.4035,0.1505,0.34,0.47
0.575,17,0.15,0.805,0.293,0.1625,0.27,0.435
0.535,13,0.155,0.8915,0.3415,0.177,0.25,0.435
0.515,13,0.14,0.769,0.2505,0.154,0.29,0.42
0.49,14,0.135,0.5545,0.213,0.0925,0.215,0.395
0.53,12,0.135,0.7365,0.3275,0.1315,0.22,0.435
0.43,11,0.115,0.3045,0.0925,0.055,0.12,0.345
0.475,13,0.135,0.592,0.2465,0.1645,0.2,0.395
0.59,15,0.155,0.906,0.327,0.1485,0.335,0.46
0.695,13,0.22,1.5515,0.566,0.3835,0.445,0.55
0.61,23,0.15,1.103,0.425,0.2025,0.36,0.49
0.56,11,0.165,0.86,0.4015,0.1695,0.245,0.455
0.655,17,0.195,1.62,0.6275,0.358,0.485,0.485
0.64,17,0.2,1.407,0.566,0.304,0.455,0.52
0.67,21,0.17,1.247,0.472,0.2455,0.4,0.55
0.505,11,0.13,0.764,0.3035,0.189,0.2175,0.4
0.525,16,0.165,0.8645,0.376,0.1945,0.2515,0.43
0.59,19,0.16,0.9455,0.3815,0.184,0.27,0.475
0.7,18,0.19,1.3185,0.548,0.233,0.42,0.53
0.635,11,0.15,1.081,0.4825,0.242,0.31,0.495
0.555,13,0.135,0.9025,0.3805,0.2105,0.28,0.44
0.575,13,0.15,1.1415,0.4515,0.204,0.4,0.47
0.585,17,0.125,1.027,0.391,0.212,0.25,0.455
0.55,12,0.155,0.7895,0.343,0.159,0.25,0.45
0.57,18,0.195,1.0295,0.4635,0.1905,0.305,0.475
0.695,19,0.23,1.885,0.8665,0.435,0.5,0.57
0.65,15,0.16,1.2425,0.487,0.296,0.48,0.545
0.18,3,0.05,0.023,0.0085,0.0055,0.01,0.125
0.34,10,0.09,0.2065,0.0725,0.043,0.07,0.275
0.175,5,0.04,0.0305,0.011,0.0075,0.01,0.135
0.155,5,0.025,0.024,0.009,0.005,0.0075,0.115
0.42,11,0.125,0.4495,0.165,0.1125,0.144,0.34
0.37,10,0.09,0.241,0.11,0.045,0.069,0.29
0.33,10,0.09,0.197,0.085,0.041,0.0605,0.25
0.29,10,0.08,0.1295,0.0535,0.026,0.045,0.225
0.31,7,0.095,0.15,0.0525,0.034,0.048,0.245
0.4,10,0.105,0.287,0.1135,0.037,0.113,0.315
0.425,18,0.125,0.3525,0.1135,0.0565,0.13,0.315
0.31,11,0.06,0.12,0.0415,0.033,0.04,0.235
0.35,13,0.085,0.2145,0.1,0.0465,0.06,0.255
0.26,6,0.065,0.096,0.044,0.027,0.03,0.2
0.26,6,0.075,0.0945,0.0445,0.02,0.03,0.19
0.34,9,0.095,0.213,0.081,0.034,0.07,0.255
0.515,23,0.16,0.8175,0.2515,0.156,0.3,0.4
0.465,13,0.125,0.5255,0.2025,0.135,0.145,0.355
0.54,10,0.17,0.879,0.339,0.208,0.255,0.415
0.475,9,0.125,0.4625,0.186,0.107,0.145,0.355
0.5,9,0.14,0.528,0.2125,0.149,0.14,0.355
0.5,12,0.135,0.5835,0.2295,0.1265,0.18,0.38
0.35,10,0.09,0.198,0.0725,0.056,0.06,0.26
0.395,9,0.105,0.282,0.0975,0.065,0.096,0.305
0.445,14,0.14,0.5905,0.2025,0.158,0.19,0.35
0.44,8,0.08,0.413,0.144,0.1015,0.13,0.325
0.515,17,0.14,0.8505,0.312,0.146,0.315,0.405
0.5,11,0.13,0.709,0.275,0.168,0.18,0.39
0.425,9,0.12,0.3755,0.142,0.1065,0.105,0.325
0.51,16,0.14,0.8185,0.3025,0.2155,0.235,0.415
0.54,13,0.13,0.8245,0.272,0.226,0.24,0.415
0.615,11,0.17,1.1825,0.474,0.2895,0.24,0.475
0.565,20,0.175,1.122,0.393,0.2,0.375,0.44
0.645,14,0.175,1.6115,0.6745,0.384,0.385,0.515
0.605,14,0.145,1.3,0.517,0.3285,0.31,0.49
0.645,18,0.155,1.489,0.5915,0.312,0.38,0.485
0.57,13,0.155,1.008,0.377,0.193,0.34,0.42
0.39,8,0.095,0.271,0.11,0.06,0.08,0.285
0.52,12,0.165,0.8565,0.2745,0.201,0.21,0.4
0.46,14,0.135,0.6105,0.1955,0.107,0.235,0.36
0.5,14,0.145,0.7615,0.246,0.195,0.204,0.385
0.49,15,0.135,0.592,0.242,0.096,0.1835,0.39
0.44,7,0.115,0.39,0.163,0.087,0.113,0.325
0.4,9,0.13,0.2935,0.096,0.0675,0.105,0.305
0.45,12,0.16,0.567,0.174,0.1245,0.225,0.36
0.505,12,0.155,0.8415,0.2715,0.1775,0.285,0.4
0.495,15,0.14,0.7775,0.2015,0.18,0.25,0.4
0.54,19,0.145,0.989,0.2815,0.213,0.355,0.41
0.465,8,0.11,0.5,0.21,0.113,0.1505,0.375
0.48,7,0.135,0.6315,0.3445,0.1015,0.161,0.37
0.5,8,0.13,0.7715,0.37,0.16,0.211,0.4
0.525,9,0.19,0.872,0.4625,0.1725,0.199,0.425
0.54,9,0.12,0.8115,0.392,0.1455,0.2235,0.42
0.545,11,0.15,0.8795,0.387,0.15,0.2625,0.45
0.58,11,0.18,1.145,0.48,0.277,0.325,0.46
0.59,9,0.16,1.09,0.5,0.2215,0.292,0.455
0.59,9,0.16,1.262,0.5685,0.2725,0.335,0.48
0.595,10,0.185,1.185,0.482,0.2015,0.361,0.49
0.605,10,0.175,1.201,0.5395,0.275,0.309,0.475
0.63,10,0.185,1.362,0.5785,0.3125,0.384,0.5
0.64,12,0.195,1.647,0.7225,0.331,0.471,0.585
0.66,15,0.2,1.791,0.733,0.318,0.54,0.535
0.465,9,0.105,0.486,0.231,0.1035,0.1225,0.34
0.48,8,0.1,0.5135,0.243,0.1015,0.135,0.37
0.5,7,0.145,0.6215,0.274,0.166,0.1485,0.375
0.515,9,0.12,0.646,0.285,0.1365,0.172,0.395
0.525,7,0.135,0.7945,0.394,0.189,0.202,0.415
0.525,8,0.125,0.812,0.4035,0.1705,0.195,0.425
0.53,6,0.14,0.681,0.3095,0.1415,0.1835,0.41
0.54,9,0.14,0.7345,0.33,0.1595,0.213,0.435
0.575,7,0.155,0.948,0.429,0.206,0.259,0.45
0.59,7,0.14,1.046,0.4695,0.263,0.263,0.465
0.6,9,0.15,1.247,0.5335,0.2735,0.29,0.46
0.61,8,0.15,1.1495,0.564,0.274,0.264,0.48
0.615,8,0.155,1.2,0.5085,0.32,0.292,0.47
0.625,10,0.17,1.3555,0.671,0.268,0.3385,0.48
0.63,8,0.165,1.286,0.604,0.271,0.35,0.48
0.645,9,0.16,1.251,0.5355,0.3345,0.3165,0.49
0.645,12,0.175,1.5105,0.6735,0.3755,0.3775,0.5
0.67,9,0.19,1.6385,0.8115,0.369,0.391,0.52
0.69,8,0.185,1.71,0.7725,0.3855,0.4325,0.54
0.695,12,0.175,1.742,0.696,0.389,0.505,0.525
0.765,12,0.18,2.398,1.128,0.512,0.5335,0.585
0.77,10,0.215,2.1945,1.0515,0.482,0.584,0.6
0.49,8,0.11,0.554,0.2935,0.1005,0.15,0.38
0.5,9,0.12,0.5765,0.273,0.135,0.145,0.38
0.505,7,0.135,0.723,0.377,0.149,0.178,0.4
0.545,7,0.145,0.778,0.3745,0.1545,0.205,0.42
0.545,7,0.12,0.7865,0.403,0.185,0.17,0.42
0.565,9,0.13,0.784,0.3495,0.1885,0.213,0.43
0.57,9,0.135,1.02,0.546,0.204,0.25,0.45
0.58,8,0.13,0.852,0.41,0.1725,0.225,0.455
0.59,8,0.15,0.861,0.413,0.164,0.249,0.47
0.59,9,0.14,1.004,0.496,0.2165,0.26,0.46
0.595,9,0.165,1.108,0.4915,0.2325,0.3345,0.47
0.595,9,0.14,0.852,0.4215,0.2255,0.227,0.46
0.6,10,0.21,1.9875,1.005,0.419,0.491,0.49
0.615,7,0.15,1.198,0.707,0.2095,0.2505,0.45
0.615,10,0.175,1.103,0.4635,0.3095,0.2725,0.475
0.62,9,0.155,1.1,0.505,0.2475,0.31,0.49
0.62,10,0.15,1.1015,0.4965,0.243,0.305,0.48
0.625,11,0.185,1.3835,0.7105,0.3005,0.345,0.495
0.625,10,0.145,1.085,0.4645,0.2445,0.327,0.48
0.63,11,0.15,1.3165,0.6325,0.2465,0.37,0.505
0.63,10,0.175,1.3415,0.6575,0.262,0.375,0.51
0.63,8,0.15,1.027,0.537,0.188,0.176,0.465
0.645,9,0.16,1.1845,0.506,0.311,0.335,0.515
0.645,9,0.15,1.192,0.6055,0.2595,0.285,0.48
0.65,9,0.125,1.1805,0.5235,0.283,0.3275,0.515
0.65,9,0.175,1.2655,0.615,0.2775,0.336,0.52
0.65,9,0.155,1.407,0.7215,0.298,0.335,0.51
0.66,10,0.165,1.4465,0.694,0.298,0.3755,0.515
0.67,11,0.2,1.269,0.576,0.2985,0.351,0.5
0.67,13,0.18,1.68,0.926,0.2975,0.3935,0.51
0.68,11,0.165,1.4775,0.724,0.279,0.406,0.52
0.68,11,0.18,1.529,0.7635,0.3115,0.4025,0.53
0.7,10,0.175,1.7585,0.8745,0.3615,0.47,0.525
0.7,13,0.2,1.523,0.693,0.306,0.4405,0.55
0.725,9,0.2,1.51,0.8735,0.4265,0.5085,0.55
0.735,11,0.175,1.88,0.9095,0.387,0.488,0.57
0.75,11,0.215,2.201,1.0615,0.5235,0.5285,0.555
0.45,8,0.115,0.4305,0.2235,0.0785,0.1155,0.325
0.48,11,0.12,0.5895,0.2535,0.128,0.172,0.375
0.515,7,0.14,0.7355,0.3065,0.137,0.2,0.41
0.535,10,0.155,0.7845,0.3285,0.169,0.245,0.43
0.58,10,0.175,1.2255,0.5405,0.2705,0.3265,0.44
0.585,10,0.165,0.885,0.4025,0.1625,0.274,0.465
0.59,9,0.145,0.9235,0.4545,0.173,0.254,0.47
0.59,10,0.14,0.977,0.4625,0.2025,0.275,0.475
0.595,10,0.14,1.0305,0.4925,0.217,0.278,0.475
0.6,8,0.09,1.05,0.457,0.2685,0.28,0.48
0.6,11,0.185,1.1145,0.5055,0.2635,0.367,0.495
0.6,9,0.145,0.877,0.4325,0.155,0.24,0.45
0.6,9,0.185,1.285,0.6095,0.2745,0.315,0.51
0.61,10,0.185,1.3065,0.6895,0.2915,0.29,0.48
0.625,10,0.14,1.096,0.5445,0.2165,0.295,0.5
0.625,10,0.165,1.205,0.5175,0.3105,0.3465,0.49
0.63,12,0.175,1.221,0.555,0.252,0.34,0.505
0.63,12,0.15,1.1355,0.539,0.2325,0.3115,0.47
0.63,10,0.195,1.3135,0.4935,0.2565,0.465,0.525
0.64,11,0.155,1.1955,0.5565,0.211,0.346,0.505
0.64,10,0.15,1.098,0.5195,0.222,0.3175,0.485
0.64,10,0.17,1.139,0.5395,0.282,0.285,0.495
0.64,10,0.08,1.042,0.515,0.1755,0.175,0.515
0.65,9,0.155,1.368,0.6185,0.288,0.365,0.52
0.65,12,0.175,1.446,0.6485,0.2705,0.45,0.51
0.7,13,0.205,1.74,0.7885,0.373,0.4865,0.54
0.71,11,0.2,1.601,0.706,0.321,0.45,0.565
0.72,10,0.205,2.165,1.1055,0.525,0.404,0.55
0.725,9,0.19,2.3305,1.253,0.541,0.52,0.57
0.5,9,0.13,0.5945,0.309,0.1085,0.1535,0.365
0.52,9,0.105,0.872,0.4515,0.1615,0.1985,0.4
0.535,7,0.14,0.818,0.402,0.1715,0.189,0.405
0.57,8,0.14,0.8745,0.416,0.165,0.25,0.42
0.58,9,0.16,0.984,0.49,0.201,0.27,0.445
0.59,9,0.155,1.1735,0.6245,0.233,0.2595,0.47
0.59,9,0.155,1.0785,0.4535,0.2435,0.31,0.485
0.595,9,0.16,1.057,0.4255,0.224,0.31,0.435
0.6,9,0.175,1.11,0.5105,0.256,0.285,0.475
0.6,10,0.16,1.142,0.539,0.225,0.307,0.45
0.605,10,0.19,1.1255,0.59,0.247,0.26,0.475
0.625,10,0.175,1.3405,0.656,0.283,0.337,0.475
0.625,8,0.13,1.082,0.5785,0.2045,0.25,0.5
0.63,10,0.165,1.2005,0.575,0.273,0.294,0.49
0.63,10,0.16,1.243,0.623,0.275,0.3,0.485
0.665,11,0.19,1.6385,0.831,0.3575,0.371,0.515
0.695,11,0.195,1.691,0.768,0.363,0.4755,0.54
0.735,10,0.21,2.2355,1.1705,0.463,0.5315,0.57
0.74,11,0.19,2.3235,1.1495,0.5115,0.505,0.595
0.505,8,0.115,0.521,0.25,0.096,0.15,0.365
0.52,8,0.15,0.9505,0.456,0.199,0.255,0.465
0.53,10,0.15,0.8315,0.352,0.187,0.2525,0.405
0.575,8,0.165,0.9655,0.498,0.19,0.23,0.45
0.58,8,0.15,0.9065,0.371,0.1965,0.29,0.465
0.58,10,0.15,1.049,0.5205,0.1935,0.305,0.46
0.58,11,0.15,0.9525,0.4315,0.1945,0.287,0.445
0.59,9,0.15,1.142,0.485,0.265,0.345,0.5
0.595,10,0.155,1.2015,0.492,0.3865,0.265,0.47
0.595,10,0.17,1.1295,0.57,0.2555,0.265,0.46
0.6,10,0.195,1.34,0.617,0.3255,0.3605,0.45
0.6,11,0.165,1.0475,0.465,0.2345,0.315,0.465
0.605,9,0.18,1.167,0.457,0.29,0.3745,0.49
0.61,11,0.14,1.0625,0.516,0.225,0.2915,0.48
0.615,10,0.15,0.9335,0.382,0.247,0.2615,0.455
0.62,10,0.195,1.3585,0.5935,0.3365,0.3745,0.475
0.625,11,0.175,1.2075,0.531,0.281,0.3525,0.495
0.625,10,0.165,1.217,0.667,0.2065,0.3115,0.515
0.625,10,0.12,0.8765,0.456,0.18,0.233,0.49
0.63,9,0.18,1.2795,0.618,0.256,0.315,0.53
0.63,7,0.17,1.1885,0.4915,0.3065,0.348,0.51
0.635,11,0.175,1.292,0.6,0.269,0.367,0.52
0.635,10,0.18,1.1795,0.4785,0.2775,0.355,0.485
0.635,11,0.16,1.2075,0.5385,0.282,0.345,0.515
0.64,11,0.18,1.297,0.59,0.3125,0.363,0.505
0.64,11,0.175,1.4585,0.625,0.266,0.4395,0.575
0.645,12,0.19,1.539,0.6115,0.408,0.445,0.495
0.65,15,0.195,1.676,0.693,0.44,0.47,0.52
0.67,9,0.17,1.4005,0.715,0.3025,0.387,0.525
0.67,9,0.195,1.4405,0.6595,0.2675,0.425,0.525
0.67,10,0.175,1.482,0.739,0.2925,0.365,0.54
0.68,11,0.16,1.2345,0.618,0.2625,0.325,0.515
0.685,10,0.19,1.533,0.667,0.4055,0.41,0.505
0.69,13,0.18,1.8445,0.9815,0.4655,0.341,0.515
0.715,11,0.175,1.825,0.938,0.3805,0.44,0.55
0.72,13,0.19,2.0885,0.9955,0.478,0.5305,0.58
0.735,12,0.205,2.087,0.909,0.474,0.625,0.59
0.745,12,0.2,1.884,0.954,0.336,0.495,0.575
0.485,8,0.155,1.029,0.4235,0.2285,0.313,0.365
0.49,8,0.155,0.981,0.465,0.2015,0.2505,0.355
0.535,13,0.175,1.2705,0.548,0.3265,0.337,0.405
0.555,10,0.19,1.406,0.6115,0.342,0.389,0.405
0.555,9,0.15,0.873,0.4625,0.1845,0.1965,0.425
0.56,9,0.135,0.9415,0.509,0.2015,0.1975,0.425
0.595,8,0.15,1.0835,0.5305,0.231,0.276,0.485
0.61,9,0.175,1.024,0.409,0.261,0.322,0.475
0.61,9,0.17,1.281,0.597,0.3035,0.33,0.485
0.64,9,0.16,1.006,0.456,0.2245,0.2835,0.485
0.64,11,0.165,1.307,0.678,0.292,0.266,0.495
0.645,10,0.185,1.463,0.592,0.3905,0.416,0.505
0.68,13,0.21,1.7885,0.8345,0.408,0.437,0.54
0.7,11,0.185,1.6135,0.75,0.4035,0.3685,0.545
0.73,14,0.225,2.2305,1.2395,0.422,0.563,0.585
0.535,8,0.12,0.6835,0.3125,0.1655,0.159,0.41
0.54,10,0.19,0.6855,0.293,0.163,0.38,0.42
0.56,9,0.145,0.894,0.3885,0.2095,0.264,0.45
0.57,10,0.145,0.95,0.4005,0.2235,0.2845,0.45
0.575,9,0.15,0.9785,0.4505,0.196,0.276,0.47
0.575,10,0.14,0.737,0.325,0.1405,0.237,0.445
0.585,11,0.175,1.1275,0.4925,0.262,0.335,0.45
0.59,9,0.165,0.9765,0.4525,0.2395,0.235,0.435
0.59,9,0.15,0.853,0.326,0.2615,0.245,0.405
0.595,12,0.175,0.991,0.382,0.2395,0.5,0.47
0.595,9,0.14,0.9125,0.4095,0.1825,0.289,0.48
0.6,12,0.15,0.8665,0.3695,0.1955,0.255,0.45
0.615,11,0.215,0.9615,0.422,0.176,0.29,0.485
0.615,13,0.17,1.145,0.4915,0.208,0.343,0.49
0.63,11,0.175,1.1955,0.492,0.247,0.37,0.515
0.63,10,0.18,1.31,0.495,0.295,0.4695,0.495
0.635,9,0.18,1.154,0.4405,0.2315,0.387,0.5
0.65,11,0.17,1.5595,0.695,0.3515,0.395,0.505
0.65,12,0.175,1.3165,0.6345,0.2605,0.364,0.51
0.655,11,0.165,1.403,0.6955,0.2385,0.42,0.54
0.665,10,0.155,1.3575,0.5325,0.3045,0.4485,0.525
0.675,11,0.145,1.3645,0.557,0.3405,0.385,0.52
0.685,10,0.165,1.545,0.686,0.3775,0.4055,0.51
0.71,13,0.175,1.724,0.566,0.4575,0.4625,0.56
0.455,8,0.11,0.458,0.2,0.111,0.1305,0.35
0.46,10,0.14,0.491,0.207,0.115,0.174,0.355
0.495,10,0.12,0.474,0.197,0.1065,0.1545,0.38
0.51,11,0.125,0.5805,0.244,0.1335,0.188,0.395
0.525,9,0.13,0.622,0.2655,0.147,0.184,0.4
0.53,9,0.12,0.706,0.3355,0.1635,0.1345,0.415
0.545,11,0.145,0.9385,0.3685,0.1245,0.345,0.435
0.575,9,0.15,0.9465,0.4355,0.2605,0.2505,0.48
0.58,10,0.125,0.9115,0.446,0.2075,0.121,0.43
0.595,11,0.145,0.942,0.43,0.182,0.277,0.455
0.6,8,0.18,1.193,0.5145,0.315,0.3055,0.465
0.645,11,0.18,1.461,0.5985,0.2425,0.439,0.5
0.66,10,0.2,1.489,0.6065,0.3795,0.421,0.525
0.465,10,0.135,0.7775,0.436,0.1715,0.1455,0.405
0.51,8,0.145,0.751,0.3295,0.1835,0.203,0.415
0.56,8,0.15,0.8755,0.44,0.1965,0.2315,0.42
0.575,9,0.135,0.9215,0.354,0.209,0.2365,0.45
0.585,10,0.15,1.206,0.581,0.216,0.323,0.46
0.615,11,0.155,1.2865,0.435,0.293,0.3245,0.495
0.67,11,0.165,1.1735,0.526,0.285,0.316,0.515
0.675,11,0.16,1.532,0.74,0.357,0.3815,0.505
0.46,8,0.125,0.547,0.2165,0.1105,0.19,0.36
0.46,9,0.125,0.5165,0.1885,0.1145,0.185,0.35
0.535,11,0.125,0.764,0.312,0.1505,0.265,0.42
0.465,10,0.105,0.488,0.188,0.0845,0.19,0.36
0.51,10,0.14,0.6905,0.259,0.151,0.23,0.4
0.55,20,0.16,0.97,0.2885,0.139,0.48,0.425
0.55,13,0.17,0.8465,0.336,0.2405,0.245,0.42
0.585,14,0.15,1.047,0.4315,0.276,0.315,0.45
0.425,9,0.1,0.4085,0.1755,0.092,0.135,0.335
0.54,7,0.13,0.56,0.2375,0.1065,0.175,0.41
0.505,9,0.125,0.635,0.29,0.1555,0.175,0.395
0.535,10,0.165,0.875,0.279,0.18,0.3,0.44
0.55,9,0.11,0.806,0.3415,0.203,0.215,0.435
0.64,15,0.14,1.194,0.4445,0.238,0.375,0.49
0.605,15,0.155,1.153,0.503,0.2505,0.295,0.49
0.605,15,0.115,1.114,0.3925,0.291,0.31,0.47
0.56,10,0.155,0.9125,0.3595,0.271,0.35,0.45
0.525,13,0.16,0.792,0.316,0.1455,0.28,0.405
0.35,6,0.09,0.2265,0.0995,0.0575,0.065,0.265
0.45,9,0.12,0.3955,0.147,0.0765,0.145,0.355
0.38,8,0.1,0.2505,0.106,0.0535,0.0775,0.3
0.5,11,0.135,0.551,0.2245,0.0715,0.206,0.385
0.645,10,0.165,1.307,0.4335,0.262,0.52,0.505
0.565,11,0.115,0.9185,0.404,0.1785,0.29,0.44
0.72,16,0.23,2.2695,0.8835,0.3985,0.665,0.575
0.55,7,0.15,0.9235,0.412,0.2135,0.24,0.405
0.65,13,0.18,1.3315,0.5665,0.347,0.405,0.515
0.565,20,0.185,1.032,0.354,0.2045,0.31,0.435
0.45,11,0.14,0.478,0.1865,0.115,0.16,0.335
0.335,9,0.095,0.1975,0.0795,0.0375,0.07,0.265
0.565,12,0.14,1.0055,0.3785,0.244,0.265,0.45
0.63,16,0.19,1.4985,0.4125,0.3075,0.545,0.51
0.425,10,0.12,0.388,0.149,0.087,0.125,0.34
0.675,16,0.175,1.402,0.483,0.3205,0.465,0.525
0.5,11,0.145,0.6025,0.216,0.138,0.21,0.4
0.385,9,0.09,0.2775,0.109,0.0515,0.1,0.305
0.52,18,0.195,0.973,0.2985,0.2135,0.355,0.435
0.52,8,0.175,0.753,0.258,0.171,0.255,0.415
0.64,16,0.2,1.3765,0.44,0.3075,0.47,0.525
0.57,11,0.15,0.96,0.387,0.2385,0.275,0.455
0.41,12,0.12,0.3745,0.158,0.081,0.125,0.325
0.485,13,0.15,0.696,0.2405,0.1625,0.265,0.41
0.665,14,0.155,1.383,0.596,0.2565,0.485,0.535
0.635,18,0.155,1.156,0.428,0.289,0.315,0.51
0.695,14,0.15,1.477,0.6375,0.3025,0.43,0.53
0.555,15,0.135,0.858,0.377,0.1585,0.29,0.435
0.65,14,0.19,1.4995,0.6265,0.4005,0.395,0.525
0.635,15,0.19,1.467,0.5825,0.303,0.42,0.48
0.55,13,0.16,0.906,0.342,0.219,0.295,0.435
0.595,11,0.165,1.06,0.402,0.28,0.275,0.5
0.3,6,0.09,0.161,0.0725,0.039,0.05,0.24
0.48,12,0.13,0.6175,0.3,0.142,0.175,0.38
0.505,9,0.11,0.655,0.3185,0.15,0.185,0.385
0.455,7,0.125,0.484,0.2155,0.102,0.165,0.375
0.64,18,0.165,1.4435,0.6145,0.3035,0.39,0.505
0.565,17,0.115,0.9085,0.398,0.197,0.29,0.45
0.48,14,0.135,0.528,0.2,0.1395,0.16,0.38
0.41,11,0.125,0.3595,0.1415,0.0885,0.115,0.31
0.52,17,0.155,0.7735,0.297,0.123,0.255,0.425
0.465,11,0.125,0.4365,0.169,0.1075,0.145,0.36
0.46,12,0.11,0.415,0.215,0.082,0.13,0.355
0.485,12,0.125,0.4775,0.2,0.0785,0.17,0.385
0.525,12,0.16,0.6445,0.26,0.1575,0.22,0.415
0.69,24,0.185,1.6195,0.533,0.353,0.555,0.54
0.55,11,0.17,0.81,0.317,0.157,0.22,0.45
0.565,11,0.155,0.868,0.348,0.217,0.26,0.44
0.55,12,0.13,0.7085,0.305,0.1455,0.205,0.46
0.535,15,0.16,0.72,0.275,0.164,0.225,0.42
0.53,9,0.13,0.738,0.2845,0.17,0.193,0.405
0.575,13,0.185,1.156,0.5525,0.243,0.295,0.455
0.59,14,0.12,0.7485,0.3345,0.1315,0.22,0.45
0.645,17,0.19,1.229,0.524,0.278,0.395,0.5
0.605,16,0.175,1.145,0.4325,0.27,0.405,0.485
0.275,5,0.08,0.099,0.037,0.024,0.03,0.2
0.4,11,0.11,0.314,0.138,0.057,0.1,0.31
0.35,9,0.09,0.195,0.0745,0.041,0.0655,0.26
0.44,16,0.14,0.451,0.171,0.0705,0.184,0.35
0.265,7,0.065,0.084,0.034,0.0105,0.03,0.2
0.165,4,0.04,0.0245,0.0095,0.0045,0.008,0.125
0.345,10,0.09,0.163,0.0615,0.037,0.0485,0.265
0.43,14,0.095,0.34,0.1315,0.085,0.112,0.33
0.415,11,0.1,0.3005,0.1215,0.0575,0.104,0.32
0.285,5,0.075,0.106,0.0415,0.023,0.035,0.215
0.41,9,0.095,0.306,0.121,0.0735,0.09,0.315
0.41,9,0.1,0.301,0.124,0.069,0.09,0.3
0.33,11,0.085,0.171,0.0655,0.0365,0.055,0.245
0.28,5,0.065,0.0905,0.035,0.02,0.03,0.21
0.455,12,0.125,0.44,0.169,0.1065,0.135,0.345
0.33,10,0.09,0.163,0.0615,0.034,0.055,0.235
0.54,19,0.155,0.9715,0.3225,0.194,0.29,0.405
0.335,8,0.075,0.1635,0.0615,0.0345,0.057,0.255
0.545,19,0.165,0.9955,0.3245,0.2665,0.325,0.435
0.495,15,0.12,0.6605,0.2605,0.161,0.19,0.4
0.5,14,0.13,0.721,0.3055,0.1725,0.22,0.375
0.515,13,0.125,0.955,0.341,0.2535,0.26,0.4
0.545,18,0.145,0.873,0.3035,0.196,0.31,0.41
0.74,13,0.185,1.65,0.734,0.4505,0.335,0.535
0.565,16,0.15,1.1285,0.377,0.3525,0.33,0.465
0.56,10,0.16,1.1115,0.5035,0.2785,0.26,0.44
0.545,13,0.125,0.9745,0.353,0.174,0.305,0.42
0.645,19,0.185,1.4605,0.5835,0.3155,0.41,0.515
0.575,10,0.13,1.0105,0.368,0.222,0.32,0.435
0.62,13,0.16,1.0765,0.412,0.253,0.3,0.48
0.605,18,0.16,1.616,0.5495,0.332,0.34,0.475
0.365,9,0.085,0.2205,0.0855,0.0515,0.07,0.285
0.53,10,0.135,0.879,0.28,0.2165,0.25,0.43
0.48,18,0.15,0.6815,0.2145,0.1405,0.2495,0.395
0.455,13,0.15,0.5795,0.1685,0.125,0.215,0.345
0.37,8,0.105,0.224,0.0815,0.0575,0.075,0.28
0.49,9,0.12,0.674,0.3325,0.1235,0.185,0.395
0.56,7,0.14,0.9,0.472,0.182,0.218,0.45
0.58,9,0.15,1.0165,0.491,0.221,0.265,0.46
0.59,8,0.135,1.1685,0.539,0.279,0.28,0.47
0.6,11,0.15,1.089,0.5195,0.223,0.292,0.475
0.61,9,0.155,1.0325,0.497,0.2175,0.2785,0.47
0.64,10,0.17,1.3715,0.567,0.307,0.409,0.51
0.71,13,0.2,1.9045,0.882,0.44,0.5,0.55
0.74,13,0.2,2.4925,1.1455,0.575,0.5235,0.605
0.48,8,0.13,0.643,0.349,0.1155,0.135,0.37
0.52,7,0.12,0.6435,0.2885,0.157,0.161,0.39
0.52,7,0.125,0.8115,0.4035,0.166,0.2,0.395
0.55,8,0.155,0.9155,0.3645,0.195,0.25,0.44
0.6,9,0.155,1.1385,0.502,0.2295,0.31,0.475
0.615,8,0.19,1.403,0.6715,0.2925,0.365,0.505
0.62,9,0.165,1.1325,0.5235,0.2505,0.2825,0.485
0.625,11,0.17,1.437,0.5855,0.293,0.475,0.485
0.635,10,0.155,1.3635,0.583,0.2985,0.295,0.495
0.64,9,0.17,1.4545,0.642,0.3575,0.354,0.5
0.66,10,0.18,1.478,0.5815,0.381,0.372,0.525
0.72,11,0.2,1.787,0.718,0.385,0.529,0.565
0.535,10,0.16,0.7465,0.348,0.1515,0.2185,0.42
0.55,8,0.16,0.985,0.4645,0.201,0.27,0.44
0.555,8,0.145,0.85,0.4165,0.1685,0.23,0.44
0.555,8,0.15,0.838,0.4155,0.146,0.23,0.44
0.56,8,0.13,0.7615,0.3695,0.17,0.1955,0.415
0.575,8,0.145,0.87,0.3945,0.2195,0.225,0.44
0.59,10,0.145,0.929,0.38,0.24,0.255,0.46
0.6,8,0.145,0.939,0.4475,0.196,0.268,0.41
0.6,12,0.16,1.164,0.5045,0.2635,0.335,0.475
0.61,10,0.175,1.214,0.5315,0.2835,0.325,0.47
0.625,10,0.18,1.0815,0.4715,0.254,0.3135,0.495
0.625,9,0.175,1.179,0.605,0.258,0.271,0.47
0.65,9,0.18,1.469,0.7115,0.3335,0.38,0.505
0.655,11,0.18,1.492,0.7185,0.36,0.355,0.52
0.67,10,0.18,1.6615,0.8005,0.3645,0.43,0.525
0.71,11,0.195,1.348,0.8985,0.4435,0.4535,0.57
0.715,10,0.18,1.7405,0.871,0.347,0.449,0.545
0.435,7,0.11,0.4385,0.2075,0.0715,0.1315,0.335
0.505,8,0.115,0.5585,0.2575,0.119,0.1535,0.39
0.535,8,0.135,0.78,0.3165,0.169,0.2365,0.415
0.57,10,0.155,1.186,0.6355,0.2315,0.277,0.47
0.575,9,0.155,0.886,0.3605,0.211,0.2575,0.45
0.58,9,0.165,1.041,0.54,0.166,0.279,0.47
0.6,8,0.15,0.928,0.4225,0.183,0.275,0.47
0.6,11,0.23,1.157,0.522,0.2235,0.36,0.475
0.625,9,0.16,1.1415,0.5795,0.2145,0.29,0.48
0.625,11,0.165,1.1835,0.517,0.2375,0.39,0.49
0.625,9,0.16,1.2135,0.631,0.2235,0.302,0.485
0.635,10,0.17,1.3695,0.657,0.3055,0.365,0.495
0.65,12,0.185,1.3745,0.75,0.1805,0.369,0.515
0.65,11,0.18,1.463,0.658,0.3135,0.4115,0.515
0.655,11,0.16,1.46,0.686,0.311,0.405,0.525
0.66,11,0.2,1.6465,0.749,0.422,0.401,0.515
0.675,10,0.145,1.265,0.6025,0.299,0.325,0.515
0.685,11,0.17,1.56,0.647,0.383,0.465,0.53
0.715,12,0.18,1.6,0.708,0.3525,0.445,0.52
0.735,12,0.22,2.333,1.2395,0.3645,0.6195,0.555
0.515,8,0.14,0.678,0.341,0.1325,0.119,0.39
0.545,7,0.155,0.8035,0.409,0.144,0.228,0.43
0.58,9,0.16,0.8675,0.3935,0.221,0.215,0.45
0.6,10,0.18,1.14,0.423,0.2575,0.365,0.46
0.615,11,0.155,1.0735,0.4375,0.2585,0.31,0.475
0.615,9,0.19,1.4335,0.7315,0.305,0.3285,0.475
0.615,14,0.2,1.304,0.5795,0.3115,0.371,0.495
0.62,9,0.16,0.9505,0.4915,0.2,0.228,0.46
0.63,11,0.17,1.385,0.6355,0.2955,0.38,0.515
0.655,10,0.165,1.27,0.6035,0.262,0.335,0.505
0.66,10,0.175,1.583,0.7395,0.3505,0.405,0.53
0.69,10,0.19,1.5955,0.678,0.331,0.48,0.53
0.715,10,0.2,1.89,0.95,0.436,0.4305,0.525
0.53,9,0.125,0.769,0.346,0.173,0.215,0.41
0.535,7,0.14,0.7315,0.336,0.156,0.19,0.405
0.545,9,0.14,0.737,0.349,0.15,0.212,0.41
0.59,8,0.135,0.9895,0.4235,0.199,0.28,0.465
0.6,10,0.16,1.012,0.441,0.2015,0.305,0.47
0.605,11,0.165,1.1245,0.492,0.222,0.3555,0.49
0.61,10,0.19,1.0805,0.517,0.2495,0.2935,0.45
0.615,11,0.175,1.242,0.5675,0.287,0.317,0.47
0.62,11,0.18,1.3915,0.726,0.2795,0.332,0.5
0.62,10,0.155,1.085,0.454,0.1965,0.35,0.525
0.62,10,0.165,1.0855,0.481,0.2575,0.305,0.48
0.64,13,0.175,1.273,0.5065,0.2925,0.405,0.5
0.645,12,0.19,1.4865,0.6445,0.296,0.425,0.51
0.65,11,0.17,1.3655,0.6155,0.2885,0.36,0.52
0.65,11,0.17,1.276,0.6215,0.2305,0.399,0.495
0.65,10,0.16,1.2075,0.55,0.2695,0.32,0.495
0.65,13,0.205,1.4275,0.69,0.306,0.4355,0.525
0.65,12,0.175,1.155,0.4955,0.2025,0.385,0.51
0.65,11,0.19,1.3685,0.5975,0.296,0.4,0.525
0.66,10,0.18,1.261,0.5,0.2335,0.339,0.51
0.67,11,0.195,1.217,0.532,0.2735,0.3315,0.54
0.675,11,0.17,1.527,0.809,0.318,0.341,0.51
0.685,10,0.19,1.885,0.89,0.41,0.4895,0.55
0.685,11,0.175,1.432,0.637,0.247,0.46,0.535
0.705,11,0.21,1.4385,0.655,0.3255,0.462,0.55
0.71,11,0.175,2.14,1.2455,0.3725,0.434,0.555
0.78,11,0.21,2.548,1.1945,0.5745,0.6745,0.6
0.43,9,0.13,0.6485,0.2735,0.163,0.184,0.31
0.495,9,0.155,0.976,0.45,0.2285,0.2475,0.375
0.505,7,0.15,0.775,0.3445,0.157,0.185,0.4
0.51,9,0.135,0.681,0.3435,0.142,0.17,0.38
0.515,9,0.115,0.6145,0.3415,0.155,0.146,0.37
0.605,10,0.16,1.1215,0.533,0.273,0.271,0.455
0.615,10,0.165,1.167,0.4895,0.2955,0.345,0.505
0.615,9,0.15,1.0375,0.476,0.2325,0.283,0.475
0.625,10,0.18,1.223,0.565,0.2975,0.3375,0.48
0.625,9,0.15,1.124,0.556,0.2315,0.287,0.47
0.53,9,0.155,0.7905,0.307,0.171,0.2595,0.425
0.53,9,0.13,0.702,0.2975,0.1395,0.22,0.425
0.53,10,0.135,0.675,0.294,0.156,0.1825,0.42
0.555,10,0.16,0.86,0.3345,0.1935,0.275,0.46
0.56,9,0.145,0.8875,0.3345,0.22,0.2695,0.465
0.575,9,0.12,1.0535,0.516,0.2185,0.235,0.465
0.58,8,0.155,0.8275,0.321,0.1975,0.2445,0.45
0.585,9,0.145,0.9565,0.4025,0.2365,0.265,0.47
0.595,10,0.185,1.1785,0.526,0.2975,0.314,0.48
0.615,10,0.185,1.2205,0.4985,0.315,0.33,0.48
0.615,10,0.13,0.9685,0.49,0.182,0.2655,0.455
0.62,11,0.155,1.2555,0.527,0.374,0.3175,0.48
0.625,9,0.155,1.177,0.5055,0.278,0.345,0.495
0.625,10,0.185,1.2425,0.5995,0.248,0.335,0.5
0.63,12,0.16,1.09,0.407,0.224,0.354,0.49
0.67,10,0.175,1.4755,0.6275,0.379,0.374,0.52
0.675,12,0.175,1.5545,0.6645,0.278,0.512,0.54
0.695,13,0.2,1.8995,0.675,0.478,0.5295,0.58
0.74,12,0.205,2.381,0.8155,0.4695,0.488,0.58
0.425,9,0.11,0.359,0.173,0.0875,0.0975,0.305
0.515,10,0.13,0.623,0.2855,0.1285,0.175,0.385
0.555,9,0.13,0.8625,0.4225,0.155,0.24,0.445
0.465,8,0.12,0.5315,0.2725,0.097,0.1395,0.355
0.475,8,0.12,0.562,0.289,0.0905,0.153,0.385
0.565,9,0.14,0.836,0.406,0.1605,0.2245,0.445
0.57,8,0.14,0.9275,0.477,0.1605,0.2515,0.45
0.57,10,0.145,0.8815,0.3605,0.1955,0.2735,0.44
0.595,10,0.155,1.03,0.4275,0.207,0.3305,0.46
0.62,7,0.17,1.127,0.535,0.2635,0.296,0.46
0.625,11,0.17,1.1665,0.4605,0.2565,0.3945,0.47
0.68,11,0.195,1.7825,0.5565,0.3235,0.4285,0.54
0.68,11,0.175,1.543,0.7525,0.351,0.374,0.52
0.5,14,0.12,0.6335,0.2305,0.125,0.235,0.385
0.535,11,0.15,0.8105,0.345,0.187,0.24,0.41
0.335,6,0.075,0.22,0.0855,0.04,0.085,0.26
0.41,9,0.1,0.3555,0.146,0.072,0.105,0.325
0.52,8,0.125,0.79,0.372,0.205,0.19,0.425
0.5,11,0.125,0.62,0.255,0.15,0.205,0.42
0.575,16,0.16,0.955,0.44,0.1685,0.27,0.45
0.57,14,0.155,0.91,0.326,0.1895,0.355,0.45
0.455,11,0.105,0.416,0.1625,0.097,0.145,0.35
0.445,9,0.125,0.515,0.2495,0.087,0.159,0.37
0.385,6,0.115,0.3435,0.1645,0.085,0.1025,0.3
0.56,10,0.13,0.8255,0.2425,0.202,0.285,0.44
0.55,12,0.15,0.785,0.282,0.186,0.275,0.41
0.41,8,0.115,0.4405,0.19,0.085,0.135,0.335
0.655,16,0.2,1.373,0.443,0.3375,0.49,0.515
0.475,10,0.125,0.655,0.266,0.1725,0.185,0.37
0.525,19,0.165,0.782,0.285,0.1405,0.285,0.395
0.545,15,0.165,0.744,0.2875,0.204,0.25,0.44
0.295,9,0.09,0.1385,0.048,0.046,0.05,0.225
0.545,16,0.16,0.8615,0.2925,0.1545,0.365,0.45
0.45,10,0.115,0.478,0.18,0.1185,0.155,0.355
0.54,10,0.12,0.817,0.2945,0.153,0.195,0.425
0.62,12,0.2,1.221,0.4605,0.263,0.43,0.5
0.515,16,0.14,0.7365,0.2955,0.184,0.185,0.4
0.495,12,0.135,0.6295,0.263,0.1425,0.215,0.38
0.76,14,0.19,1.829,0.7035,0.386,0.56,0.575
0.445,15,0.14,0.476,0.2055,0.1015,0.1085,0.345
0.635,16,0.235,1.064,0.413,0.228,0.36,0.48
0.575,16,0.165,0.853,0.292,0.179,0.35,0.47
0.38,6,0.095,0.219,0.0835,0.0515,0.07,0.27
0.245,4,0.065,0.0635,0.0245,0.0135,0.02,0.18
0.455,13,0.135,0.4745,0.1865,0.0935,0.168,0.355
0.295,8,0.085,0.125,0.042,0.0285,0.043,0.23
0.375,10,0.095,0.2225,0.0875,0.043,0.08,0.28
0.395,12,0.08,0.266,0.0995,0.066,0.09,0.28
0.52,11,0.115,0.77,0.263,0.157,0.26,0.41
0.53,13,0.11,0.739,0.237,0.161,0.295,0.425
0.555,14,0.145,0.8695,0.3075,0.2575,0.25,0.42
0.505,11,0.105,0.6555,0.2595,0.18,0.19,0.39
0.55,14,0.175,1.0985,0.3765,0.215,0.4,0.45
0.55,20,0.16,0.991,0.348,0.168,0.375,0.44
0.525,13,0.165,0.8005,0.2635,0.1985,0.25,0.41
0.475,16,0.14,0.6175,0.202,0.1445,0.19,0.365
0.485,7,0.105,0.556,0.296,0.104,0.133,0.385
0.69,11,0.195,1.777,0.769,0.38,0.4305,0.55
0.695,10,0.205,2.173,1.133,0.4665,0.496,0.55
0.415,8,0.12,0.4015,0.199,0.087,0.097,0.315
0.485,8,0.12,0.599,0.251,0.1345,0.169,0.39
0.495,6,0.115,0.6245,0.282,0.143,0.155,0.375
0.565,8,0.15,0.9795,0.444,0.205,0.275,0.455
0.6,10,0.155,1.262,0.6245,0.2455,0.33,0.465
0.63,11,0.185,1.21,0.53,0.2555,0.322,0.48
0.665,8,0.165,1.3855,0.621,0.302,0.3445,0.515
0.67,10,0.2,1.5945,0.6705,0.3845,0.4505,0.51
0.685,9,0.18,1.4545,0.6315,0.3105,0.3725,0.51
0.7,10,0.23,2.003,0.8105,0.4045,0.5755,0.6
0.72,12,0.235,2.2385,0.984,0.411,0.621,0.6
0.52,10,0.125,0.5815,0.2565,0.1265,0.17,0.395
0.585,9,0.15,0.98,0.4315,0.2545,0.247,0.465
0.585,12,0.155,1.133,0.5515,0.223,0.305,0.455
0.61,8,0.16,1.146,0.597,0.246,0.265,0.49
0.61,9,0.15,1.142,0.62,0.237,0.245,0.475
0.615,9,0.17,1.12,0.5775,0.2095,0.286,0.53
0.625,8,0.175,1.131,0.5425,0.2265,0.323,0.505
0.625,10,0.175,1.065,0.4865,0.259,0.285,0.48
0.635,10,0.145,1.181,0.665,0.229,0.225,0.48
0.66,11,0.19,1.4385,0.6775,0.285,0.178,0.505
0.66,8,0.155,1.2275,0.61,0.274,0.3,0.485
0.66,10,0.155,1.4415,0.7055,0.3555,0.335,0.515
0.72,11,0.195,1.7475,0.8215,0.383,0.4705,0.545
0.51,7,0.125,0.6925,0.327,0.155,0.1805,0.405
0.59,9,0.16,0.998,0.445,0.214,0.301,0.45
0.6,11,0.155,0.6655,0.285,0.149,0.269,0.46
0.62,11,0.145,1.003,0.4655,0.2195,0.28,0.485
0.625,9,0.155,1.025,0.46,0.1945,0.34,0.495
0.625,9,0.175,1.2935,0.5805,0.317,0.355,0.495
0.625,10,0.175,1.0565,0.4615,0.258,0.305,0.5
0.625,13,0.145,1.7855,0.675,0.247,0.3245,0.47
0.645,11,0.165,1.403,0.5755,0.2515,0.4545,0.51
0.515,8,0.12,0.6125,0.302,0.1365,0.1415,0.39
0.62,10,0.145,0.911,0.375,0.2145,0.278,0.465
0.63,9,0.15,1.1955,0.5845,0.257,0.3,0.49
0.545,8,0.15,0.7805,0.3795,0.1625,0.216,0.45
0.55,10,0.18,0.8265,0.4405,0.159,0.225,0.43
0.55,8,0.13,0.7275,0.343,0.1625,0.19,0.385
0.56,11,0.145,0.9355,0.425,0.1645,0.2725,0.45
0.57,10,0.16,1.0145,0.516,0.164,0.3,0.445
0.585,11,0.16,1.218,0.639,0.241,0.3,0.51
0.59,8,0.155,0.874,0.369,0.2135,0.24,0.45
0.6,9,0.13,1.0105,0.423,0.219,0.298,0.47
0.61,9,0.155,1.0765,0.488,0.249,0.27,0.365
0.615,11,0.205,1.337,0.5995,0.2815,0.37,0.475
0.625,12,0.18,1.3705,0.645,0.303,0.3705,0.5
0.63,11,0.18,1.2435,0.5175,0.308,0.37,0.485
0.63,13,0.175,1.4135,0.667,0.2945,0.3555,0.53
0.635,9,0.18,1.2915,0.594,0.2695,0.37,0.5
0.67,9,0.18,1.4915,0.728,0.343,0.381,0.525
0.68,11,0.185,1.672,0.7075,0.364,0.48,0.545
0.7,10,0.215,1.9125,0.8825,0.4385,0.506,0.545
0.48,8,0.13,0.5305,0.2405,0.127,0.139,0.365
0.51,9,0.155,1.2825,0.569,0.291,0.3795,0.41
0.625,9,0.16,1.2415,0.6575,0.2625,0.2785,0.48
0.65,9,0.185,1.3455,0.586,0.278,0.3865,0.525
0.35,7,0.09,0.197,0.073,0.0365,0.077,0.265
0.55,11,0.145,0.7385,0.321,0.1485,0.252,0.42
0.555,8,0.145,0.9205,0.404,0.2275,0.255,0.435
0.58,10,0.14,0.824,0.3465,0.1765,0.263,0.45
0.585,11,0.15,0.997,0.4055,0.283,0.251,0.45
0.63,11,0.155,1.105,0.492,0.226,0.325,0.505
0.63,11,0.155,1.229,0.535,0.29,0.335,0.49
0.655,13,0.18,1.402,0.624,0.2935,0.365,0.525
0.67,11,0.19,1.669,0.7465,0.2935,0.508,0.535
0.67,11,0.2,1.7405,0.6205,0.297,0.657,0.525
0.695,10,0.21,1.51,0.664,0.4095,0.385,0.53
0.695,11,0.195,1.6645,0.727,0.36,0.445,0.55
0.77,11,0.175,2.0505,0.8005,0.526,0.355,0.605
0.475,8,0.11,0.4895,0.2185,0.107,0.146,0.37
0.475,8,0.14,0.5135,0.241,0.1045,0.155,0.36
0.385,8,0.1,0.3175,0.137,0.068,0.092,0.255
0.5,9,0.125,0.577,0.269,0.1265,0.1535,0.38
0.52,10,0.165,0.791,0.375,0.18,0.1815,0.385
0.55,10,0.13,0.8395,0.3155,0.1955,0.2405,0.43
0.56,8,0.155,0.8675,0.4,0.172,0.229,0.43
0.59,10,0.135,0.966,0.439,0.2145,0.2605,0.44
0.6,9,0.205,1.176,0.5255,0.2875,0.308,0.475
0.71,12,0.195,1.9485,0.9455,0.3765,0.495,0.555
