0.000122068893398
0.000124073491032
0.000143744306345
0.000127686529872
0.000124489239578
0.000129594600714
0.000134683891819
0.000134212243851
0.000127292398002
0.000129407725031
0.000126934652325
0.000123166661466
0.000126533893237
0.000134273437114
0.00012581991983
0.000119782152099
0.000129631808174
0.000138737304886
0.000141892881462
0.000125761162518
0.000129282498917
0.00012198722781
0.000133613965157
0.000122186667829
0.000129963486158
0.000144597170449
0.000130077646812
0.000120673135423
0.000124443224228
0.000129314593409
0.00011981312092
0.000138507889961
0.000122208382873
0.000120560724607
0.000125198807677
0.000124377877617
0.000120422567564
0.000119448594979
0.000119437180373
0.000127557251053
0.00012723101679
0.000138877979131
0.000134608650335
0.000139921562312
0.000123912079276
0.000129206960246
0.000121703473709
0.000119423789427
0.000132720923248
0.000127892221567
0.000137432874216
0.00013312878379
0.000132047934151
0.000121223399144
0.000115942191708
0.000131823290844
0.000118514622551
0.000132150789401
0.000126118043609
0.000126525210888
0.000122210921921
0.000138012955814
0.000124901076003
0.00011739784558
0.000128932527619
0.000133177160074
0.000135075916546
0.00011286967195
0.000121335480842
0.000114225891664
0.000128602723939
0.000127217853259
0.000119782399346
0.000128169871016
0.000146228611758
0.000137172311662
0.000124974774289
0.000129152102373
0.000128144996199
0.000132017139096
0.000124954544451
0.000126940406489
0.000128985005788
0.000134255865289
0.000123013141762
0.000127766426546
0.000122923871832
0.000126960371246
0.00012320803376
0.000120822243024
0.000121240929907
0.00012799288562
0.000125091400948
0.000122299547901
0.000124435018672
0.000118148499001
0.000126283082549
0.000140939891361
0.000134042464651
0.000123608901464
0.000127573797661
