0.000118481682012
0.000112060322716
0.00012467009297
0.000131259852407
0.00012546910773
0.000129747635686
0.000121032625797
0.000140450257631
0.0001322430164
0.000125640491449
0.000126111522366
0.000139152030754
0.000117166755345
0.000122354202777
0.000132202217924
0.000128467737434
0.000123990656619
0.000115837945448
0.000141087514513
0.000130503019443
0.000123555955217
0.000133104863516
0.000130417302261
0.000132657199851
0.000132741533186
0.00012794777312
0.000137391594266
0.00011880772235
0.000126318782208
0.000127388746177
0.000120283949297
0.000115514697801
0.000126794751304
0.000142868886361
0.000136436967202
0.000125498308444
0.000127571656186
0.000132673640311
0.000122183583716
0.000116449811308
0.000132060284263
0.000121611297447
0.000129973244212
0.000117848204779
0.000118134327734
0.000118079906748
0.000131593466261
0.000128845250434
0.000117469915302
0.000124084359592
0.000129044812208
0.000116856358302
0.000135407348933
0.000128595249154
0.000135703950896
0.000134972952077
0.0001252261369
0.000118807456203
0.000124375276578
0.000139547575132
0.000132905134017
0.000121782367412
0.000132601876415
0.000127456235432
0.000118591155176
0.000137137175547
0.000124284969458
0.000122884152548
0.000130198245348
0.000144010734817
0.000113994006902
0.00012920647137
0.000121259458395
0.00012684294406
0.000124591409786
0.000116772408315
0.000134121150738
0.000127926785485
0.000133581527129
0.000121111976585
0.000125677779522
0.000130746240242
0.000129284540727
0.000123456831422
0.000115037403377
0.000130736356947
0.000129288535351
0.000133142847001
0.000122682014474
0.000121402821845
0.000117683244558
0.000125412085302
0.000130564812061
0.000126756311351
0.000130372653091
0.000118580601532
0.000127376295985
0.000129810312219
0.000131706911565
0.000136566271758
0.000127003188399
