0.000114345254739
0.000129074195547
0.000142055042446
0.000119836069696
0.000130184681824
0.000121292756891
0.000123905941142
0.000123874987468
0.000116351219279
0.000121546307814
0.000123317102409
0.000124784462633
0.000131437880212
0.000125363027982
0.000121870985697
0.000127840756726
0.000133029678092
0.00012372314814
0.000128073877159
0.000134016565394
0.000139140704731
0.000130836568674
0.000122232910586
0.000129042469406
0.000124592268531
0.000122885406015
0.000119012853651
0.000133265750255
0.000120051823537
0.000128089787478
0.000123988876386
0.000123544369091
0.000114839986235
0.000127414967753
0.000127056255875
0.000130591874538
0.000122398062143
0.000124201482326
0.000124225539677
0.000121411914482
0.00012639203164
0.00012411775986
0.000126291399504
0.000123404270657
0.000124145774669
0.000132109940703
0.000125973511476
0.000129356161035
0.000120343514879
0.00012247238739
0.000133201184557
0.000121325709216
0.000129574377738
0.000122251395952
0.000115995431185
0.000122440995599
0.000135576684412
0.000126837001717
0.000114167286
0.000125161068186
0.000124408628714
0.00012933890886
0.00011560427682
0.000124743130555
0.000117892177761
0.000126360688829
0.000128231422906
0.000132768991186
0.000127475434596
0.000127729232004
0.000125190226074
0.000129648956742
0.000129065289281
0.00012773072141
0.000130013077474
0.000132613567775
0.000121386444097
0.000138842059211
0.000131028009732
0.000120741583219
0.000120000971797
0.000118621874137
0.000126545732474
0.00010685049264
0.000117836290871
0.00012554809738
0.000122460836203
0.000126518808291
0.000124052724526
0.000132956540596
0.000124838850703
0.000128783581894
0.000134366168291
0.0001200114494
0.000135642414934
0.000122244086979
0.000127812584068
0.000132814612048
0.000124550394217
0.000125166870453
0.000125643219082
