0.000128152113106
0.000115176634899
0.000119008386592
0.000119433979411
0.000120343708468
0.000127826233881
0.000126220994354
0.000108206438561
0.000122754400117
0.000125803449771
0.000116108037865
0.000134362439637
0.000138927489466
0.000117431662534
0.000120443573631
0.000120023955165
0.000127181489491
0.000127532303964
0.000123434515902
0.000115849744048
0.000116105901703
0.000125013144427
0.000123756721263
0.000131457685849
0.000117270900502
0.000129427997581
0.00013159567174
0.000127649509514
0.000126888051594
0.000120321006867
0.000128726295385
0.000120829771997
0.000133994396981
0.00012085257072
0.000118359716453
0.000132172658594
0.000121390980249
0.000114116598758
0.000115016918137
0.000124712539165
0.000122155357528
0.000120857941006
0.000130197472429
0.000125373376145
0.000119677015774
0.00012731402925
0.000128156891863
0.000132330949835
0.000118761370445
0.000127411879489
0.000111342137919
0.000127195038664
0.000121412074288
0.000134570611772
0.000125767212013
0.000118534042247
0.000111553174981
0.000112277787021
0.000116600590031
0.000130016232632
0.000127157203404
0.000130576543378
0.000116700790998
0.000131670049891
0.000125679775095
0.000134505350522
0.000129645887002
0.000127296392683
0.000119538699921
0.000117407412702
0.000130961511604
0.000129142208818
0.000118874822971
0.000131960604047
0.000134804759645
0.000140801702494
0.000133654949821
0.000128862416619
0.000116344569197
0.000128964802816
0.000129246988136
0.000126872426802
0.000126287561536
0.000132031177011
0.00011842706
0.000122108633294
0.000116673983542
0.000124030414705
0.000111766138825
0.000122899652335
0.000136306145743
0.000114293389504
0.000128947764372
0.000130089579271
0.000120202338096
0.00013259527912
0.000117178758583
0.000128023947335
0.000119070099765
0.000116409044901
0.000124233966102
