0.000110487582815
0.000119760815107
0.000124728352813
0.000116146941238
0.000128403851035
0.000118270384289
0.00012017526085
0.000132318324669
0.000116860239704
0.000134249980048
0.000123599485831
0.00012449788392
0.000116075666816
0.000124555512789
0.000130175151494
0.000127470509729
0.000133923125288
0.000119324708823
0.000125916333572
0.000128554144697
0.000132621095482
0.000128031636534
0.000119885665785
0.000124887579492
0.000123619671602
0.000125749453183
0.000116353469906
0.000120201810346
0.000119745083594
0.000116812123901
0.000132136103629
0.000115656214429
0.000117622092712
0.000122480810582
0.000118723885038
0.000129604887288
0.000126409135001
0.000128054992197
0.000113186944974
0.000125731690899
0.000123421419539
0.000132301593088
0.000121757143766
0.000122384253438
0.000128259512839
0.000128677353938
0.000131619047729
0.000132275668549
0.00012847397352
0.000125600921349
0.000122848801736
0.000126818080186
0.000125213920754
0.00013284182514
0.000135801210418
0.000124976510757
0.000119036043687
0.000117040587991
0.00012551667047
0.000127455496332
0.000129977083602
0.000116352311685
0.000119713975101
0.000124067086866
0.000128493763298
0.000117770193591
0.000134073602304
0.000123947598039
0.000126012853935
0.000119032556408
0.000123773712287
0.000120827944067
0.00012801280334
0.000122471296686
0.000123878445328
0.000124491204663
0.000138715928578
0.000134454052628
0.000120940541548
0.000132440291201
0.000125030203454
0.000129887967711
0.000119670013867
0.000123711771371
0.000134463281157
0.000124250112068
0.000114109582634
0.000133392188916
0.00013358685724
0.000134223476734
0.000124888342906
0.000128236534508
0.00012248114326
0.000130412113107
0.000124647297797
0.000116166348213
0.000128549544649
0.000137575170012
0.000122054483282
0.000134588163171
0.000125167004785
