0.000121906071375
0.000121949588359
0.000133808895461
0.000132323944311
0.000123235292628
0.000122340338712
0.000134423787104
0.000127067038261
0.000130684155965
0.000138117315284
0.000127593049461
0.000124346529754
0.000124762204237
0.000130963797612
0.000132824743214
0.000132993462819
0.000137854682657
0.000131617363601
0.000132629925612
0.000124925425958
0.000141281167171
0.000120711560174
0.000119172586663
0.000127024143688
0.000133695922831
0.000122019704248
0.000139672093726
0.000135124485989
0.000133319186837
0.00012462524499
0.000110646263046
0.000130320937387
0.000135080985147
0.000135308049433
0.000122975992538
0.000120404891242
0.000125568612664
0.000135668205497
0.000127766266124
0.000116288148485
0.000121403146333
0.000129110661949
0.000124187678375
0.000128695070758
0.000135480555469
0.000128021113894
0.000106396951585
0.000155295824642
0.000125874002996
0.00012639165668
0.000139080870418
0.000140799586645
0.000130939464475
0.000124916105158
0.000134673236078
0.0001183297574
0.000128009402887
0.000128022963631
0.00013238894492
0.000127009695741
0.000136413515856
0.000127865414015
0.000139114030703
0.000124190557988
0.000122277456635
0.000145413934829
0.000119299787083
0.000125525378498
0.000134138388144
0.000128292852384
0.00012319189478
0.000126260478458
0.000127842197749
0.000132589145911
0.000119241676814
0.00013184100286
0.000124451943514
0.000129728377555
0.0001435228979
0.000125440573342
0.000122448771548
0.000131942616295
0.00013513939675
0.000131305819647
0.00013382165905
0.000130276766317
0.000119809433304
0.000128280515498
0.00011605226092
0.000105497429556
0.000119140188285
0.000124410136023
0.000123944457851
0.000127054792857
0.000137922625583
0.000121662497808
0.000124686523787
0.000123682594414
0.000130293969807
0.000132021918208
0.000128341046288
