0.000127062617429
0.000125535180624
0.000118693886728
0.000132978369735
0.000128794162493
0.000122792325989
0.000136586553182
0.00011322438594
0.000134526315823
0.000118442847982
0.00012413749765
0.000143309687544
0.000117833127691
0.000129977480831
0.000131422017668
0.000127513028789
0.00012779161286
0.00012100081487
0.000130080889333
0.000126361162282
0.000125587927164
0.000118213213954
0.000126812333847
0.000136087685105
0.000125679285889
0.000124428898094
0.000114755308628
0.00011795966415
0.000122319823463
0.00011983847993
0.000134792943653
0.000122725410357
0.000119520950029
0.000124165961624
0.000138006566425
0.000132797858212
0.000117624622075
0.00012660168776
0.000125713106298
0.000124451837611
0.000137421105319
0.000118271304399
0.000133292528096
0.00012494333959
0.000117051113528
0.000122158103395
0.000126417674454
0.000121932334412
0.000123085173762
0.000121812843987
0.000128213235279
0.000122823549359
0.000130542138819
0.000121865776917
0.000119028581329
0.00013229287976
0.00011647840068
0.000121556041735
0.000137132395638
0.000117062579735
0.000136076530244
0.000122238294919
0.000136817046171
0.000113557164196
0.000135923168824
0.000133093771016
0.000126990085535
0.000130512085147
0.000117803017878
0.000124881882242
0.000122313667467
0.000117934485324
0.000110261514774
0.00014071915166
0.000124189655541
0.000125652774393
0.000137315248247
0.000117400484169
0.000121851928613
0.000127028384455
0.000136506920296
0.000128836779564
0.00012146043459
0.000127907759899
0.000129597684205
0.000125590497706
0.000124404942374
0.000128646529254
0.000126477143122
0.000109852566111
0.000120518022546
0.000124050008393
0.000120144228757
0.000124707126935
0.000119322370766
0.000130507640754
0.000122457392413
0.000125297647365
0.000119229148115
0.000124326307972
0.000125419301219
