0.000130965023484
0.000128260039968
0.00011988600685
0.000131752812987
0.000137798718227
0.000133987330886
0.00012771762874
0.000128074661588
0.000127573613185
0.000134584471563
0.000139217728688
0.000129372523818
0.000125899317905
0.000127318548598
0.000136974757744
0.00015493781858
0.000139298681203
0.000144706770034
0.000129470713783
0.000128028528865
0.000117393042661
0.000139784514807
0.00012873549965
0.000127468942636
0.000130323331928
0.000109228689178
0.000128175053887
0.000134262499765
0.000129280383033
0.000134680594169
0.000137803466181
0.000120803893448
0.000130170051466
0.000137024807632
0.000141675616235
0.000128083890597
0.000120138321453
0.000137222154061
0.00014246733917
0.000136570278932
0.000138215930245
0.000122088009644
0.000126179627331
0.000127697072393
0.000134857273552
0.000119327089934
0.000130720280054
0.00012846456619
0.000137142225716
0.00012397136711
0.000131913934435
0.000122773752008
0.000137106029677
0.000126031760187
0.000124098908098
0.000136068561011
0.000140022994972
0.00012369797972
0.000127998284361
0.000134371538066
0.00013025215803
0.000142287286959
0.000142880603873
0.000135972096702
0.000125276136172
0.000135441199878
0.000122919832761
0.000119524145805
0.000121827503793
0.000121649911943
0.000129741808307
0.000132235334789
0.000130017272363
0.000141181897961
0.00013493414937
0.0001292461417
0.000151133618805
0.000124325575387
0.000128631560186
0.000129331485422
0.000137568763029
0.000139609977606
0.000131280140369
0.000131144544124
0.000126121070519
0.000118435605801
0.000143755987609
0.000127463030045
0.000121126697588
0.000134836563549
0.000130926816688
0.000128461596433
0.000136533693449
0.000130207955856
0.000136013643347
0.000134680742335
0.000125965795763
0.000135260654208
0.000136433583992
0.000124039414739
0.000131185412495
