0.000139252720733
0.000135379826186
0.000127785151103
0.000131698675761
0.00012047565936
0.000130067580443
0.000120203185706
0.000124578504735
0.000126511321971
0.000114596207001
0.000124152989399
0.000126576675486
0.000126055007989
0.000128114274776
0.000136515539102
0.000126614359749
0.000125663180367
0.000110774820696
0.000125697578024
0.00012831995583
0.000125299438765
0.000121687748682
0.000127274006963
0.000122012927952
0.000134845515185
0.000122961862615
0.000116686425912
0.00011303075531
0.000131460370452
0.000125537105352
0.000130896511499
0.000123131015593
0.000133019747166
0.000136749748036
0.000120952174798
0.000119541336112
0.000122917092019
0.000117108022761
0.000130891791784
0.00012456198422
0.000124356556673
0.000131327980212
0.000128007669365
0.000124317764505
0.000121075905594
0.000123725439236
0.000116642297632
0.000143480171645
0.000120182961414
0.000123754856624
0.00013104022263
0.000128336592228
0.00013341271382
0.000125443746747
0.000120539743119
0.000127796602977
0.000127429175238
0.000134155644291
0.000126813094233
0.000140014377755
0.000139573380092
0.000137884908774
0.000127296494401
0.000131567989124
0.000131053363581
0.000124257056936
0.000118125286111
0.000118153811936
0.000133200361082
0.000121882499696
0.00012342868108
0.00012298115815
0.000123013974857
0.000121607029258
0.000132269822837
0.000122322344182
0.000133155116548
0.000139286496713
0.000138973070539
0.000127498111126
0.00012310535576
0.000130126483941
0.000125025263298
0.0001307968298
0.0001172305665
0.000124059761154
0.000130227014133
0.000123693267761
0.000119067278117
0.000122810658703
0.000121355984817
0.000123012518614
0.000121749794649
0.000130461740087
0.00012915113996
0.000139898894573
0.00012924675265
0.000123873841923
0.000117337416709
0.000122755297293
0.00012653969129
