0.000141159378122
0.000130219697052
0.000119705330518
0.000121896635485
0.000139900865878
0.00013022456683
0.000143096432499
0.000140108138527
0.000124733762664
0.000116779594441
0.000131608372342
0.000143467310132
0.000136204628341
0.000123685467925
0.000135483057506
0.000127849243357
0.000131295599293
0.000124327294989
0.000127637781283
0.000132380547208
0.0001355235945
0.000131358192792
0.00014384821866
0.000128620372769
0.000137569945285
0.000132382592813
0.000134844703544
0.000126365086294
0.000128295979562
0.000126173728427
0.000117729864767
0.000129317589284
0.000130847975012
0.000129870148058
0.00013460277125
0.000129385056146
0.000132940303659
0.000121196163251
0.000130695580655
0.000123908933317
0.000137345269736
0.000130670968621
0.000121837013367
0.000131034945681
0.000122996209288
0.000131594753041
0.000124483728573
0.000141379805002
0.000130921272716
0.000130710176251
0.000136866645939
0.000128441313945
0.000136798490585
0.0001199846599
0.000136058567501
0.00012526688971
0.000120918955533
0.000125074078346
0.000139595454476
0.000133438841923
0.00013036660208
0.000135014590569
0.000121550160816
0.000133433627034
0.000128607847952
0.000144375702016
0.00012651636725
0.000129036277219
0.000121031521939
0.000138683099528
0.000133024147851
0.000131519739825
0.000129394490804
0.000151577994286
0.000123349179845
0.000118818797624
0.000137402852229
0.000128624063038
0.000121694678506
0.000136192777273
0.00013896750097
0.000129419028002
0.000125355264799
0.000128417229298
0.000129201169629
0.00012179283564
0.000134518986353
0.000124410550027
0.000126465261005
0.000136002152313
0.000132393890912
0.000121934062497
0.000130653053242
0.000123032583485
0.000128979039006
0.000122418108647
0.000123728058963
0.000120448788941
0.000136985303229
0.000122600384832
0.00013010596314
