0.000125305677878
0.000137023380354
0.000122899849243
0.000130599407017
0.000119398490277
0.0001376837045
0.000124324011401
0.000130797863176
0.000120970798365
0.000130567672104
0.000119394372425
0.000120302009357
0.000129874541121
0.000129966303407
0.000136623948441
0.000115844027757
0.000120454044613
0.000117694767393
0.000140929070371
0.000126262460226
0.000130316182746
0.000120347073981
0.000123225575999
0.0001270711844
0.000121223538032
0.000124725982169
0.000127627289429
0.000132684526018
0.000129737580825
0.000131062851289
0.000128023186909
0.000128748586811
0.000127442526475
0.000127468707752
0.000129404974621
0.000128027421108
0.000125163809742
0.000123151566762
0.000130248214453
0.000128121984485
0.000117272547479
0.000126774328096
0.000124863643506
0.000123643775981
0.00012653244297
0.000121738465779
0.000125989365611
0.00012600344661
0.000131379045594
0.000117079524938
0.000128909108614
0.000118965285081
0.000133948220856
0.000123941473198
0.000126552696287
0.00013703507124
0.000133060279803
0.000121362757817
0.000125082638194
0.000133786916477
0.000132513991379
0.000113219070161
0.000143282684675
0.000121967357427
0.000124607703308
0.0001330423127
0.00014266806146
0.000113944962588
0.000126504231588
0.000150696248541
0.000129223989759
0.000127389564483
0.000125446453637
0.000128617480507
0.00012938717854
0.000116888252758
0.000124110504132
0.000115042015749
0.000129203966525
0.00013552128272
0.000124077917329
0.000133259190094
0.000125068067183
0.00012903492481
0.000128726308744
0.000123935663117
0.000133261305689
0.000125417232903
0.000122534387556
0.00012522139709
0.000112167803309
0.000119750941133
0.000122794136215
0.000133917223655
0.000115061325431
0.000117463893506
0.000121420632306
0.000118584941766
0.000127428936562
0.000141805631173
0.000126688693698
