0.0146602801012
0.0128921470368
0.014868487523
0.0129877282256
0.0148922919871
0.0159520944013
0.0122878061106
0.0181807928549
0.0170154154811
0.0173075407904
0.0152386682899
0.0177293192918
0.0133964543341
0.013229822894
0.0167814880563
0.0145189993464
0.0193153178804
0.0162143765525
0.0164344424302
0.0152428972801
0.0147702210445
0.0170928545644
0.0139892969099
0.0163543252852
0.0164278896649
0.0166657117533
0.0184273544432
0.0159644621115
0.0180509793976
0.0169288844862
0.0127720012797
0.0144359764689
0.014060803777
0.0172764379162
0.0155025675129
0.0163402957381
0.0153150323876
0.0179687373951
0.0159782303442
0.0139465216188
0.0159760321494
0.0151557348773
0.013219785751
0.0158573005781
0.0142673049847
0.0170640397372
0.0126543835717
0.0140502253859
0.0127837755579
0.0169278032443
0.0152840040582
0.0160105680166
0.0191623326371
0.0144926222033
0.0183531479053
0.0132385365433
0.0159350791957
0.0123187141437
0.0148966908554
0.0143295017412
0.0141064128843
0.0139262561951
0.0125760156435
0.0148116446803
0.012895972324
0.0165103736757
0.0133272069082
0.0150373658427
0.0179828824409
0.0132450678077
0.0144485300576
0.0152767596274
0.0170586880168
0.0164824800547
0.0149910600945
0.014484222467
0.0150311874584
0.0173472886341
0.0145909659158
0.0151262033358
0.0138583746762
0.0200143900961
0.0189772154374
0.0165640779307
0.01512203301
0.0154347644463
0.0159185799457
0.0164526131638
0.0178710617396
0.0145190658478
0.0123608790952
0.0154511966441
0.0123093529216
0.0152073743779
0.0143895557199
0.0158429434187
0.0145205629736
0.0155998514405
0.0126918622226
0.0149544971448
0.0153670937442
