0.017026935549
0.0170691186963
0.013923590726
0.016552575881
0.0170078742883
0.016544486338
0.0177770782313
0.014684225508
0.0191318322812
0.0131235341612
0.0172944977457
0.0171042528676
0.0157145717544
0.0141178497939
0.0176356237896
0.0170274063943
0.0158949375023
0.0146695533774
0.016064732438
0.0169867637148
0.0134429482779
0.020504650292
0.0178108784334
0.0167281652137
0.0134056906785
0.0175593393491
0.017913918344
0.0144291676223
0.0160443928962
0.0145049030406
0.0162846299403
0.0192388707303
0.0158046391478
0.0178973386449
0.014031586537
0.0149218987666
0.0166225080711
0.0141973034266
0.0168560401529
0.0136217583016
0.015047012269
0.0169113029569
0.0166102009815
0.0131712970484
0.0162445000832
0.0154624735345
0.0172654274658
0.0144204531838
0.0158040517873
0.0157781075691
0.0170547757913
0.016699357308
0.0161316486694
0.0159026458858
0.0148707477886
0.0145978588012
0.015607748942
0.0143194226768
0.0161007613484
0.012966252082
0.0147964113474
0.0131868373434
0.0166601989504
0.0144966844843
0.0174088964254
0.013082999531
0.013026291407
0.0140244301159
0.0168775363892
0.0152903846015
0.018415095939
0.0185615780089
0.0158388985305
0.0165315733932
0.0152388336073
0.0175697350367
0.0155271460086
0.0163497618388
0.0139494913862
0.0140397370979
0.0120389826542
0.0151468780422
0.0164495820593
0.0140367046658
0.0167805889764
0.0145124141045
0.0160518383834
0.0134723099003
0.0161449663674
0.0174092178232
0.0152167955505
0.0179025480593
0.0149975311378
0.0189855512664
0.0152787795046
0.0135725541243
0.01465617803
0.0162427864701
0.0147443619103
0.0179245391419
0.0158057574469
