0.0162111010501
0.0169469702411
0.0146180221734
0.017367618507
0.0140149826298
0.014044216497
0.0147437357612
0.0147153505346
0.0151903046084
0.0134167776069
0.0160904329491
0.0162239785714
0.0139595712034
0.0180056855194
0.0169794371482
0.015971316729
0.0166235948906
0.0117806332311
0.0179293550108
0.016535918776
0.0149129954891
0.0141283380105
0.0181495861226
0.0140378834587
0.0157773299066
0.0159600256884
0.0135909890132
0.0167979481191
0.0154608541453
0.0161624973568
0.0136679025827
0.0169622330756
0.0139196227866
0.0148784485629
0.0152376928382
0.015666961144
0.0175034694237
0.0148685572083
0.013692887731
0.0165304340873
0.014333684957
0.0148053970863
0.0142351595478
0.0146713024722
0.0164925016498
0.0156194996168
0.0151477555111
0.0167092123274
0.016217360017
0.0178830109876
0.0142259632313
0.0179733998424
0.0144890625881
0.0134830211957
0.0147573257301
0.017054229341
0.0157202963295
0.0160497909052
0.0174207798348
0.018073523095
0.0151666812807
0.0143208253808
0.0161170637978
0.0141377459746
0.0132527454147
0.0162818791487
0.0164592306861
0.0161077463421
0.0196085408859
0.0154126274103
0.0183624623396
0.0124999607581
0.0157723808295
0.0146694526492
0.0161498434703
0.0151644516862
0.0145682799155
0.0167561944368
0.0150308418324
0.0135648199178
0.0160569327565
0.0147277140502
0.0172797269116
0.0150158152986
0.0150687583504
0.0151882717511
0.0192278827566
0.0179838899231
0.0131109223134
0.015469301322
0.0143937022932
0.0163685660539
0.0165463066774
0.0150831657519
0.0157155179226
0.0146808706711
0.0160131364778
0.0169004628519
0.0171679971679
0.0150351335069
0.0156107578562
