0.0160334078301
0.0131361228305
0.014576677629
0.0144766429498
0.0147615443549
0.0166466771699
0.014368734645
0.0187058138763
0.0136544472721
0.0145547355716
0.015938867374
0.0156512266795
0.0156167684985
0.0156559414422
0.0130323346073
0.0150547643979
0.0160204394513
0.0134208165252
0.0189356669249
0.0166064139364
0.0152364215605
0.0142065620057
0.0200368238853
0.0153033023852
0.0174931629747
0.0169030688663
0.0144038176863
0.0121145985427
0.0170298877741
0.0186215501418
0.0158498336797
0.0137293944548
0.0175465974422
0.014814706344
0.0150816596355
0.0149609093578
0.0150112946647
0.0142177228408
0.0146650925126
0.0172239600701
0.0130907158089
0.0157372484082
0.0169500339131
0.0152238228792
0.0182992836865
0.0161687648587
0.0137189057185
0.0140846973347
0.0138973987631
0.0141196583591
0.0168561942057
0.0160212556567
0.0190635625343
0.0133932072293
0.0141259775511
0.0169552991886
0.0134216196364
0.0148164629931
0.0132285819093
0.0153926665159
0.0154388306961
0.0152498093609
0.0137791551562
0.0144144610411
0.0163435364011
0.0145779899222
0.016430729284
0.0141258120374
0.0134323980008
0.0142508280019
0.0178835339612
0.0157823099452
0.0151628963566
0.014453612184
0.0177355632867
0.0177204626823
0.0155804522912
0.0175758161953
0.0149222599357
0.0125461238692
0.0172594063706
0.0161932460169
0.0159759333365
0.0134296711357
0.014513881347
0.0122089604706
0.0134278735137
0.015516114337
0.0163017822107
0.0165339902398
0.0139342583863
0.0166877059191
0.0178387926322
0.0139259670097
0.013415293117
0.0162728503125
0.0176041912097
0.013052864813
0.013852667726
0.0141039066988
0.0153531970535
