0.0136440419349
0.0141337183774
0.017121231536
0.0156738292477
0.0180828433823
0.0158221222116
0.0130550018927
0.0143790523341
0.0141486915963
0.0168138578665
0.0149359623572
0.0158239828088
0.0162104682428
0.0152805972108
0.016551412168
0.0149052560256
0.0125088766303
0.0161447284151
0.015689843807
0.0145987158149
0.0152841759265
0.0175368948999
0.0143829632709
0.01520686784
0.0170695273668
0.0136850502711
0.0161660437602
0.0131423936088
0.0120563467189
0.0122439718062
0.0147249963794
0.0141133986916
0.0151094968842
0.0174051675723
0.017545907068
0.0150046537601
0.0148440259792
0.0163048723363
0.0143490930945
0.0157136871828
0.0181284641595
0.0165431592444
0.0177843953463
0.0179821370167
0.0151750900888
0.0167919440205
0.0162135810476
0.0176831492588
0.0136527428844
0.0191422926971
0.0157426567365
0.0170782080416
0.016212985359
0.016103228637
0.0159206044636
0.014994692086
0.0152236483011
0.0151825100324
0.0168935319141
0.0177693323774
0.0164679608439
0.0111797189641
0.0165974856088
0.0186011431729
0.0175063860111
0.0145502275422
0.0150000127311
0.0148866592656
0.0124166161634
0.0152198816562
0.0164212514416
0.0179228568014
0.0172266158617
0.015959666555
0.0177210641776
0.0207136796337
0.0153316920315
0.0177988005615
0.0159034184946
0.0205035212307
0.0199839240421
0.0160012778911
0.0163240151563
0.0142532186842
0.016347688269
0.0174344621678
0.0149691746881
0.0152747648059
0.0144566067329
0.0148838184946
0.0157855119279
0.0126210510127
0.0154815461927
0.0158931456255
0.014665900482
0.0154961092043
0.0131440586162
0.016128441412
0.0135708612684
0.0161413360603
0.0157441769347
