0.0143750016127
0.0167710495433
0.0138278880934
0.0130129914631
0.0148263744979
0.015658909444
0.0168435064857
0.0142074357366
0.0139864191384
0.0174258911169
0.0142518538247
0.0150091650173
0.0162102339153
0.0151902034218
0.0126538564379
0.0166428018224
0.017650449005
0.0134742216499
0.0144315626681
0.0139141274177
0.0159873591109
0.0149224285256
0.0141415087605
0.0176167975383
0.0138993056637
0.0172447171064
0.0151614864992
0.0178160310499
0.0161614102209
0.0153057654148
0.0131418384582
0.0171630536907
0.0164485525291
0.0169157675127
0.0125979816356
0.0148678800357
0.0142113799913
0.014906707997
0.0144822142436
0.0149531835773
0.0156566018887
0.0152656474315
0.0141113864044
0.0164869060701
0.0144474336651
0.0138690840222
0.0165965775944
0.0144638763913
0.0131565049955
0.0176718884324
0.0139396451908
0.0128480401829
0.0168962040678
0.0133647023328
0.0156160403285
0.014353292543
0.014721015223
0.0137316333349
0.0145075515138
0.0166476416687
0.0192386745415
0.0152755853147
0.0164554409303
0.0133031188512
0.0152958216295
0.0157925924922
0.014928293222
0.0143390300902
0.0164855581953
0.014289165497
0.0126878556824
0.0152069584799
0.0126438354002
0.0140504973331
0.0157117199268
0.0152127450972
0.0123389932785
0.0176896394389
0.0143829147479
0.0142526470708
0.0122629357266
0.0133988410893
0.0179941062125
0.0126448309566
0.0155731239899
0.0128643406812
0.017138959431
0.0144918645064
0.0152914146321
0.0141693899645
0.0132773791169
0.0133292211861
0.0154875831287
0.0140370583845
0.0171683988879
0.0128843334728
0.0134973659583
0.0148041665256
0.0131483973774
0.0148383898308
0.0149454417343
