0.0178776205555
0.0149081643653
0.0171579757357
0.0153185437782
0.0123893950123
0.0146533716624
0.0178688813147
0.015667835441
0.0156501528887
0.0152462229127
0.0156436764327
0.0172924275427
0.0148476988699
0.0139516552536
0.0160673095025
0.0138989091124
0.014395326308
0.0142166382612
0.0132842339911
0.0170742950711
0.0154205393107
0.0144672586281
0.0161943160896
0.0158997177881
0.0164691639608
0.0158500876546
0.0160933082783
0.0153121440208
0.0138726156553
0.014617011534
0.0126306274006
0.0181398777593
0.0170996863955
0.0111721501134
0.0125768649124
0.0148450929611
0.0164919546844
0.0118521365848
0.013810176816
0.0170773192692
0.0157292113619
0.0157472275357
0.013659752436
0.0166261742724
0.0139556513544
0.0194934392859
0.0147727175863
0.0182812239566
0.0144567834817
0.0154913280778
0.0157661253397
0.0156667507552
0.013637855712
0.0131652099089
0.0143137229499
0.0163953803611
0.0119926087519
0.0140143125733
0.0154070424629
0.013002058387
0.0140923719488
0.0173258791056
0.0140438727365
0.0134157373169
0.0177442711661
0.0124994813642
0.0152121020663
0.0154314979383
0.0142175387808
0.0160574907442
0.0163572004112
0.0145149554546
0.014658341153
0.0170600568978
0.0177565377894
0.0143784977131
0.0145198912783
0.0173442503645
0.0177614619033
0.0110261826393
0.0136412046555
0.0138119766368
0.0131533692341
0.014930031188
0.0136595976955
0.0183285420964
0.0138794474984
0.0143035458079
0.0133706181821
0.0148414946392
0.0122002897287
0.014565475632
0.0138156205761
0.0154015095285
0.0166301265494
0.0142868087069
0.013695370225
0.0133820414546
0.0140140193307
0.0168533114701
0.0150305897999
