0.0149984491121
0.0148086209534
0.016773558984
0.0160195884261
0.0157706394373
0.0112135763884
0.0132020748277
0.0142681116856
0.0177820002013
0.0168467016867
0.0161595959811
0.0157270459871
0.013870831377
0.0146215010427
0.0131471765374
0.0153537047943
0.0148388389679
0.0147130393252
0.014680124949
0.0153249361483
0.0143882948377
0.015428907672
0.0131869071277
0.0149252335214
0.0189802376327
0.0143009832387
0.014214731072
0.0166257049514
0.0145558005707
0.0152686061552
0.012104697805
0.0167590811354
0.0133623548896
0.0137419625039
0.0164771863573
0.0162112281257
0.0173348621934
0.0175718057349
0.0161348681192
0.018298549123
0.0147345133139
0.0156432193869
0.0160685780367
0.0173242854241
0.0146235416437
0.0139414650431
0.015868493774
0.0125380315067
0.0149432174257
0.0138966745524
0.0153969564148
0.0142551493463
0.0149394200116
0.0182571459475
0.0158377744867
0.0153269440894
0.016248037692
0.0136449828462
0.01402645464
0.0134594448716
0.0160710443117
0.0134232696994
0.0136904195153
0.0155355620963
0.0143573945792
0.0140357449493
0.0134156850673
0.015068309717
0.0178627117601
0.0186992079248
0.0129988897555
0.0152840256539
0.0151579489717
0.0153953005507
0.0135681815043
0.0147536698588
0.0119132171563
0.016797495708
0.0156407085707
0.0193602146031
0.0150288095815
0.0157934370492
0.0128822398135
0.018279696775
0.0135630011411
0.0164448703613
0.0130338092445
0.0157591656588
0.0158895233049
0.0135948410555
0.0124685927006
0.0149032355844
0.0165431019706
0.016189351495
0.0137748820413
0.0158659553632
0.0113202792281
0.0194496885003
0.01912380702
0.0143380873855
0.0151824182726
