0.0148931273265
0.0145063678588
0.014265915803
0.0154793519061
0.0167359862405
0.0149201124612
0.0138081294155
0.0185547060977
0.0150702450518
0.0181969217153
0.0179057243352
0.0182980632008
0.01165693837
0.0150172487278
0.0121534018874
0.0152234350556
0.019119239831
0.0132294646478
0.0156168004403
0.0188533458077
0.0136607982022
0.0163545376456
0.0136003036683
0.0150697599923
0.015932027917
0.0153060289905
0.0152699675898
0.0149415278603
0.0154339490454
0.0153138451632
0.0172768192194
0.0125505060659
0.0155409985242
0.0168152575318
0.0150007231206
0.0162301921149
0.0124037081324
0.0162458531777
0.0174318755258
0.0181279055501
0.0140170890552
0.0162280641853
0.0157207984
0.0147790499626
0.0164598998283
0.0178873910735
0.0164090967216
0.0182401125317
0.0183431487267
0.0143195418201
0.0179291396802
0.0153027129677
0.0137113302762
0.0195546018864
0.012785732313
0.01663690016
0.0171757385541
0.0171856759103
0.0143026738847
0.0146287790945
0.0143220772379
0.0167769477274
0.01204638776
0.0167851209177
0.0171031547651
0.0142843444582
0.0167062169633
0.0158620519939
0.0164309304009
0.0141029349937
0.0166581214908
0.0157881315772
0.0178381212574
0.0139764240719
0.0170356669978
0.0137475165682
0.0195845247643
0.0179948222049
0.016931462101
0.0172574165592
0.0143010737864
0.0179297349058
0.0195575409938
0.0150711950569
0.0157772045349
0.0180542325245
0.0133627642468
0.0190505772118
0.0155032700235
0.0134454039462
0.0172347030588
0.0175496090566
0.0164665728423
0.016166352046
0.0167334536571
0.0150121414522
0.0142371393657
0.014925744106
0.0153051481905
0.0148041831236
0.0158534900719
