0.0128640101881
0.0176195920238
0.0148193815796
0.0163212559422
0.0155641303926
0.0136788403134
0.0156495487536
0.0163431282739
0.01513899536
0.0185149267381
0.0121683285882
0.0147584229248
0.0174113231706
0.0122776065259
0.0163621859671
0.0142524761253
0.015095065567
0.0130232065985
0.0152993026656
0.0180006678565
0.015666259257
0.0193742437201
0.0142839901414
0.0138082018438
0.016654909124
0.0168015156956
0.0171963665948
0.0159075570475
0.0159759584421
0.0198604695315
0.0152385388326
0.0155795123483
0.0168529566766
0.0128217243458
0.0153811387967
0.015628399711
0.0138445230266
0.0160619085676
0.0172652968617
0.0178058295142
0.0152941616082
0.017495617733
0.0149708007262
0.0143773367369
0.0158736397112
0.0141718256377
0.0161191437278
0.0170688169116
0.016239327583
0.0155854234438
0.0155251318104
0.0176209504151
0.0172332837845
0.0174397663162
0.0199238194418
0.0142109821854
0.0140220399798
0.0183666823807
0.0140512801017
0.0167082559318
0.0159743916628
0.0178742295935
0.0174846325717
0.0130531386836
0.0161291663003
0.016781827094
0.0185602052371
0.0130855690315
0.0158108133532
0.0146148574828
0.0167331613456
0.0176745217736
0.0173832228606
0.0162608334538
0.0143803244221
0.0186669132493
0.013262608974
0.0142225208944
0.0153626378029
0.0160422950339
0.0165996415258
0.0135113019322
0.0121669132162
0.0215509403137
0.0170569765262
0.0148597937698
0.0168635843967
0.0157847470402
0.0168809705635
0.0125852520165
0.0154818769335
0.0159731304761
0.0174128396451
0.0177881566053
0.0127235782231
0.0140921778501
0.0174561185168
0.0142925004084
0.0147652704329
0.0154061279003
0.0158207975091
