0.0131228417604
0.0140537300598
0.0156488891373
0.0156733743524
0.0120997151489
0.0154046746424
0.0154299226962
0.0181598811745
0.0135814386305
0.0151267313296
0.0139719123254
0.0183344252606
0.0129433825246
0.0150291403637
0.0159019705924
0.0152358294514
0.0147410084497
0.0182027389651
0.0174392545108
0.014376300034
0.0183915212853
0.016441154866
0.0154609267101
0.0132672248481
0.018152140665
0.0138668949861
0.0152773974824
0.0144226107979
0.0158983527174
0.0157139403327
0.0126451274206
0.0158418576969
0.0122129310548
0.0156794544209
0.0135217933555
0.014455071973
0.0153250260271
0.0126872794425
0.011247387536
0.0116205251609
0.0133262275893
0.0125335420581
0.0187232211479
0.0148417493504
0.0140839321418
0.0178682619949
0.0146131477122
0.0140808272322
0.017350129082
0.0160955258901
0.0140614459221
0.0118518506342
0.0189939513184
0.0153103363378
0.0144222560667
0.0171090810731
0.0144702110119
0.0156303347346
0.0134865766776
0.0141153444163
0.0151423671167
0.0129928267011
0.0181248767982
0.0195112876785
0.0151469617511
0.0119849475457
0.0143802073415
0.0179673884644
0.0125773664089
0.0151919945758
0.0174230121548
0.0163247800894
0.0175854572234
0.0143231787698
0.0157204316433
0.0167507983588
0.016532484571
0.0184802073771
0.0129026037682
0.0135512562902
0.0166711213254
0.015737096049
0.0153060959958
0.0139528412844
0.0149993818173
0.0192422619787
0.0184922999371
0.0118750196807
0.015251013717
0.0149907297223
0.0182594616324
0.0164698642389
0.014383282198
0.0137990568971
0.0158384321871
0.0168747766977
0.0148761416652
0.0168600751723
0.0128703699301
0.0155064757405
0.0152444396508
