0.0183208283006
0.0136379421535
0.0180729927227
0.0169066521443
0.0150149462451
0.0156048486322
0.0168779683294
0.0135032527638
0.0178554375746
0.0159638470876
0.014571063037
0.0138591710594
0.0163919075421
0.0159339839183
0.0152936352313
0.0154834874438
0.016568730664
0.0159291448946
0.0141294932015
0.0154040073505
0.0163631309032
0.0158784180154
0.0151319694703
0.0140480287288
0.0123690480899
0.0181975502216
0.0147648585029
0.0136410725657
0.014974440386
0.014069123409
0.0158677226713
0.0171421753812
0.0150999742528
0.0167563838769
0.0147669505741
0.0149162846521
0.0159982621805
0.0160059383963
0.0150444706045
0.0157509741136
0.0153421733081
0.0174497346968
0.015221529728
0.0151461949172
0.0163339873678
0.0160460427371
0.0147651683608
0.0151765759558
0.015738595032
0.0120073940229
0.0147812715485
0.0141410480077
0.0128609960493
0.0135690990986
0.0159868409857
0.0127644632297
0.0148910291971
0.0180179960017
0.0165600351698
0.0164139161503
0.0143794103471
0.0134679399348
0.0188488224459
0.0173531445174
0.0175103746899
0.0143546086597
0.0154955388809
0.0158910868652
0.0178297557113
0.0129402312289
0.0124928865637
0.0126468635439
0.0141094518573
0.0150147079966
0.0130379437329
0.0133290982258
0.0151882889755
0.0143204949142
0.0131726027184
0.0171694137114
0.015012085816
0.0143104800135
0.0190301616862
0.0165699736987
0.0160111698453
0.0164777927858
0.0133175784008
0.016650287452
0.0167024154847
0.011548496621
0.017025594674
0.0124488973145
0.0182286718521
0.014947996565
0.0150609593134
0.0147883647309
0.017983064906
0.0177832351228
0.0166604212422
0.015834063289
0.0154026858519
