0.0163815789474
0.0202631578947
0.0205921052632
0.0169078947368
0.0206578947368
0.0184868421053
0.0165131578947
0.0203947368421
0.0191447368421
0.0205921052632
0.0161842105263
0.0211842105263
0.0190789473684
0.0205921052632
0.0173684210526
0.0211842105263
0.0186184210526
0.0206578947368
0.0165789473684
0.01625
0.0186842105263
0.0192105263158
0.0198684210526
0.0196710526316
0.0169736842105
0.0198026315789
0.0188815789474
0.0176315789474
0.0196710526316
0.0190789473684
0.0174342105263
0.0201973684211
0.0173026315789
0.0152631578947
0.0200657894737
0.0180263157895
0.0169736842105
0.0165789473684
0.0209868421053
0.0184868421053
0.0196052631579
0.0171710526316
0.0166447368421
0.0182894736842
0.0192763157895
0.0178289473684
0.0161184210526
0.0178947368421
0.0157894736842
0.0180921052632
0.0180921052632
0.0193421052632
0.0165131578947
0.0182894736842
0.0186184210526
0.0166447368421
0.0205921052632
0.0182236842105
0.0182894736842
0.0164473684211
0.0186842105263
0.0160526315789
0.0182894736842
0.0196052631579
0.0198026315789
0.0153289473684
0.0183552631579
0.0204605263158
0.0169078947368
0.0159868421053
0.0170394736842
0.0173684210526
0.0173026315789
0.0160526315789
0.0193421052632
0.0176973684211
0.0167763157895
0.0175
0.0169736842105
0.0150657894737
0.0161842105263
0.0167763157895
0.0174342105263
0.0169078947368
0.0179605263158
0.0196710526316
0.0180263157895
0.0182236842105
0.0176973684211
0.0161842105263
0.0193421052632
0.0175
0.0166447368421
0.0184210526316
0.0186842105263
0.0163157894737
0.0160526315789
0.0163157894737
0.0166447368421
0.0198684210526
0.0180763157895
