0.0174098321162
0.0143116529065
0.0155355351719
0.0180586670516
0.0167662369864
0.0162945272252
0.0153917751418
0.0161640235006
0.0137561795301
0.0177113812778
0.0152335265174
0.0167729179046
0.0194864014304
0.0154166593658
0.0163944541126
0.0152639821107
0.0144240666913
0.0168291024902
0.0168865488809
0.0201656251589
0.015496279611
0.0159419535865
0.0195060221901
0.0136510243436
0.0153006231958
0.0158380350713
0.0141695628642
0.015578956047
0.0187202303738
0.0151877833153
0.0160385670495
0.0180420260062
0.0126579583637
0.0173370259809
0.012968076533
0.0157940888711
0.0134942951737
0.0145485231045
0.017307427774
0.0193341420383
0.0164806841865
0.0168168531937
0.0190266185914
0.0143809569871
0.014473164459
0.0182706481978
0.0166632176012
0.0180728816538
0.014730404595
0.0178819316084
0.0158039705844
0.0163786524681
0.0136426966095
0.0148343133619
0.0139358662938
0.0153160002461
0.0139721437203
0.0146159504182
0.0155995846239
0.0126318106547
0.0136884229625
0.0139827222187
0.0169772375149
0.017307651331
0.0142174364592
0.0153740761098
0.0156833037622
0.0133783807894
0.0133178747441
0.0142035611794
0.0165622110194
0.0134737200352
0.015265826655
0.0134246803984
0.0131458000094
0.0127101772964
0.0136489999212
0.0173288230309
0.0160450489593
0.015575821199
0.0164172803567
0.0197493456615
0.0153527651246
0.0166396593703
0.0135348874018
0.0139761755121
0.0145299152348
0.0158153013275
0.0188047409011
0.0197297439327
0.0154660143154
0.0154323843147
0.0148524853414
0.0174435534806
0.0174912144196
0.0154412209148
0.016850006827
0.0168917469631
0.0153967142822
0.0175866438066
0.015814276222
