0.0148837374034
0.0134018126013
0.0172153536457
0.0137984179791
0.0160101991413
0.01590486992
0.0160352622597
0.0161209968642
0.0175613168815
0.0145275025288
0.0160345070805
0.014516339968
0.0130638621068
0.0149278573578
0.0144405229881
0.0144127011691
0.0143903992442
0.0148569641983
0.013964507567
0.0202291360221
0.0138994550087
0.0187446275188
0.0182398063119
0.0147596348768
0.0142953316086
0.0168448860874
0.0143250106098
0.0144658994469
0.0162209339122
0.0180922132773
0.0150975708575
0.0169887510329
0.0166043773271
0.0157138501609
0.0161417170043
0.0186125656054
0.0165220368067
0.0147979415784
0.0168204853932
0.0148530158238
0.0141839323295
0.0155178597094
0.0153919176204
0.013890992278
0.0131904308198
0.016145260878
0.0177498858971
0.014796425082
0.0124625787637
0.0142679452382
0.0178566256869
0.0169136417067
0.0162568650343
0.0173882918263
0.0148756993658
0.0131314624906
0.0141141338502
0.0179472337169
0.0138654628711
0.012168123306
0.016337958036
0.0165970245798
0.0155606819239
0.0150581016486
0.0155162967369
0.0185188737313
0.0147639549935
0.0153662313399
0.0149029459623
0.0139937429382
0.0135532179317
0.0146709191327
0.0149686332459
0.0117410482734
0.0160789141503
0.0176472072205
0.0171365304649
0.0168891984433
0.0157284997456
0.0144091425226
0.0152439186839
0.0160769978064
0.0143132782851
0.0131735890334
0.0135681751063
0.0156322732584
0.0156344805249
0.0135587817295
0.0149294304713
0.0156682553861
0.0178522142632
0.0127373772651
0.0191641488134
0.0171694302538
0.0151681224899
0.0175587619996
0.0132786092219
0.0164617169207
0.0156821321303
0.0164596119896
0.015492215743
