0.0149883853177
0.0151812159012
0.016037528634
0.0144750932537
0.0132852348036
0.0169980759222
0.0149862996045
0.0146672880992
0.0173165233996
0.0164187740656
0.0185674368777
0.0184994660574
0.0156828739161
0.0140473141835
0.0140605026406
0.0155285505614
0.0158103890602
0.0170082594793
0.0116123682825
0.0174840905058
0.0161833033056
0.014439420113
0.0185761816179
0.0173841507167
0.0150086478739
0.016460688742
0.0171243763422
0.014238976142
0.0145234926295
0.0158293266858
0.0138355014674
0.0159850139514
0.015936471996
0.0170462900011
0.0139327077595
0.0173810976881
0.0189572592864
0.0143470195814
0.0143428428847
0.0137908444117
0.0142084504456
0.0162118347851
0.0176247863468
0.0187517448984
0.0192930148256
0.0160681885537
0.015092227099
0.0198477129826
0.0166749296836
0.0216423293197
0.0179440348284
0.0166204341238
0.0142697651152
0.0136458723272
0.013440717621
0.0163809930182
0.0189769194256
0.013773294213
0.0161413308646
0.0139165348786
0.0174268535768
0.012464200342
0.0127626157355
0.0138413222098
0.0155573849118
0.0145295375052
0.0132638646451
0.0154511326942
0.0138755670518
0.0150380470537
0.0159695240588
0.0156400307132
0.0204296137111
0.015306960764
0.0165701610793
0.016493894428
0.0143427413762
0.0161560190754
0.0139475509577
0.0145515592296
0.01387132636
0.0119199382426
0.0166492408781
0.0168815939266
0.0155774014421
0.0160427881913
0.0174730020008
0.0182769994468
0.0154071442021
0.0167032188945
0.0179085708072
0.0131456594615
0.0167314993191
0.0175580963869
0.0177505213573
0.0164314968988
0.0172943522381
0.0164450923163
0.0163410506469
0.014348702527
0.0158488067578
