0.0161732032166
0.0159802056877
0.0189214217351
0.0222246324712
0.0159224419162
0.014259021886
0.0175952798574
0.0166961511549
0.016795779062
0.0128869061238
0.0158686525725
0.0181827885892
0.0185430632055
0.0155772339059
0.0153941853438
0.0166695563973
0.0180758639755
0.0140131138801
0.0191226578045
0.0146582894301
0.0151403748686
0.017105177851
0.0142473674118
0.0149047901149
0.0159761039739
0.0172153019406
0.0137558674773
0.015256322326
0.0173920630636
0.0150413357292
0.0140159334874
0.0158758529482
0.0150805083873
0.0157918725239
0.0189593182245
0.0176223220275
0.017269521456
0.0159602709681
0.016389577184
0.018157309636
0.0147213813168
0.0162574589576
0.0147072246054
0.0166365791536
0.0129431424582
0.0181789778552
0.0113300480893
0.0186536040321
0.014508225291
0.0160545590829
0.0170789768001
0.0148593661614
0.0149603065777
0.0163068003994
0.0159865594976
0.019585615055
0.0147361291108
0.0165330473518
0.0156276451197
0.0167380012322
0.0162629973001
0.0166013538327
0.015759064898
0.0148372164439
0.0148645536922
0.0166326371489
0.0158022151287
0.0191169354089
0.0152707960852
0.0157568393338
0.0178535382004
0.0167373736274
0.0169364485593
0.0165524559831
0.0171521323807
0.0175444712699
0.0190984329201
0.0152826684529
0.0151708849448
0.0164834936969
0.0172096944764
0.0156190928022
0.0158148230502
0.0189220098726
0.0169785103397
0.0123760019538
0.0158767781708
0.0144378128428
0.0162422470571
0.0189610544823
0.0169076214659
0.01529107464
0.0174145864935
0.0178236553176
0.0134754840635
0.0139656213327
0.0146673624694
0.0177423170684
0.0146353270796
0.0171768344375
0.0162237570669
