0.0140670995472
0.0163322447664
0.0171842927491
0.0164176083919
0.0170959393633
0.0170373876097
0.0138879563366
0.0160390581551
0.0122768860161
0.0150168610201
0.0163251506257
0.0154070783805
0.0152421669625
0.0150249796147
0.015045622526
0.0151578240385
0.0155336849147
0.0163715530266
0.0157998997127
0.0162397019347
0.016875406381
0.0149618575023
0.0169513284605
0.0165079643664
0.0128382624805
0.0142609842513
0.018387333391
0.015277388555
0.0169328787183
0.0148525372701
0.0126869931451
0.0153801765653
0.0160898775486
0.0146843809747
0.0159768508322
0.0137809279569
0.0167662927948
0.0147473959335
0.0133303364095
0.0183693888239
0.0144234513192
0.0150170503445
0.0177921293524
0.0153949931914
0.017806395584
0.015065211736
0.013527647338
0.0173327592799
0.0156456075853
0.0147369078714
0.0157379167624
0.015939365862
0.0171813592437
0.014317659976
0.0147628629193
0.0134855058491
0.0128854556075
0.0125828569513
0.0212167108306
0.0146266017596
0.0174909156173
0.015116281587
0.012058240174
0.0129232749528
0.0166005620868
0.0167219002774
0.0156927485997
0.0152535087258
0.0153995014196
0.0140656466896
0.014669635747
0.014251183339
0.0174740959491
0.0143536078908
0.0161246771033
0.0146787057391
0.0154901551336
0.0125877243721
0.0168683761988
0.0122543614259
0.0142970973061
0.0136454909927
0.0171574729314
0.0163154953929
0.0156177491799
0.0171408914679
0.0161101641248
0.0178596613561
0.0182937164741
0.0161556406013
0.0169121460994
0.0152289108931
0.0183944376001
0.0132779364803
0.014427189817
0.0198310824062
0.0156034816086
0.0153422122256
0.0159537085727
0.0155165966829
0.0155379619266
