0.015078000691
0.0147550003378
0.0134994078334
0.0145169716276
0.0129628987237
0.0156834940591
0.0185445586183
0.011605939273
0.013806885063
0.0147653816701
0.0126533816179
0.0157524936625
0.0164549941139
0.0180686463736
0.0149044665593
0.0163295882142
0.0154538652003
0.0126351395119
0.0149237518144
0.0180495047336
0.0143671631383
0.0128230484779
0.0165598067558
0.0143069259078
0.0165630675893
0.0154919103319
0.015327427067
0.0172473298479
0.0156818411422
0.0149673635887
0.0139626931244
0.0166105388413
0.0146142338352
0.0162924480343
0.0164911181585
0.0152633516981
0.0155112731994
0.0139332523773
0.0152957038706
0.0186107363349
0.0152313478956
0.0126941537691
0.0169283118188
0.0163754746017
0.0141211312762
0.016472500147
0.0142338504637
0.0153287920994
0.0136701545632
0.0175666200758
0.0118866307496
0.0172387597846
0.01722007173
0.0174892948003
0.0162979479277
0.0144718872663
0.0166806496224
0.0151344030937
0.0153714489544
0.0193938575782
0.014322875934
0.0150210803501
0.0144280384317
0.0167813206373
0.0141083368803
0.0143955996874
0.0155545941961
0.0145921440113
0.0149914377283
0.0175482279762
0.0176214252867
0.0143603677445
0.0166168277813
0.0133074738089
0.0155292214376
0.0130386545067
0.0160804299627
0.0171636646088
0.0140821294405
0.0159063833892
0.0171152718013
0.0157958814992
0.0164629018842
0.0134129541998
0.0174578982604
0.0164328859215
0.0118642631227
0.0121121187291
0.0144530341047
0.0157698257844
0.0156843629891
0.0157109406281
0.0181809110298
0.012786634833
0.0156678698256
0.0153751342071
0.0151449287844
0.0157816825337
0.0156905499891
0.0162796656403
0.015368028408
