0.0148616872477
0.0165158472054
0.014123052322
0.0123446624268
0.0146224180215
0.0163954157158
0.0163366416412
0.0159715977533
0.0154859586913
0.0144241175017
0.016281205108
0.0132051224218
0.0164090811605
0.0162611826047
0.0147089456485
0.0152751320264
0.0164970061206
0.0164954339914
0.0168678578602
0.0171353450755
0.0140678743337
0.0134505174536
0.0137184647463
0.0149126353027
0.0164499041374
0.0174040271817
0.0194753791861
0.0139069156575
0.0145674486131
0.0145897597249
0.0129645563813
0.0154940398069
0.0184556728545
0.0139518776873
0.0162928969388
0.0181539759087
0.0154605766077
0.0158715310997
0.0142324606422
0.0155927902574
0.0119445901503
0.0160920618918
0.0160886846069
0.0168220683855
0.0149304587912
0.0124128179552
0.0130107758025
0.0211993438208
0.0167736422523
0.0192646893451
0.0149691507664
0.012533136143
0.0154692048155
0.0166900348046
0.0136909258954
0.0145561038309
0.0160447365585
0.0172493218493
0.0155588371008
0.0140745047234
0.0110387839623
0.0172540507559
0.0121493995576
0.0127562453169
0.0137257732862
0.0138489097245
0.0148122927569
0.0154420023844
0.0128702308771
0.0136440477669
0.0172744335893
0.0141706109715
0.0174061890419
0.0167513008817
0.0170288562797
0.0156127473293
0.0125374228836
0.0159129455722
0.0173350988768
0.0138734334845
0.0179062287813
0.0142223748431
0.0130458479584
0.0145702982673
0.0148964875566
0.0139615203995
0.0153761049094
0.0151291120699
0.0157983874853
0.0142438845673
0.0116510104155
0.0151773070417
0.0112896565186
0.014722034904
0.0146601141526
0.0162007475138
0.0164503694215
0.0160531090108
0.0149098035277
0.0130255366133
0.0151734081581
