0.0149087945024
0.0151998143399
0.0144824161011
0.0142341189974
0.0156257719704
0.0161743134793
0.0153521841152
0.0132007822941
0.0156572267489
0.0145143280588
0.0150953950083
0.0145875918504
0.0135536089671
0.0147850664243
0.0154774352006
0.0149548810828
0.0137168482535
0.0115541276265
0.0136597684002
0.0160841311848
0.0140639030332
0.0150843620791
0.0140787525335
0.0154684562533
0.0167440258941
0.0162085753117
0.0145809946436
0.014151301981
0.0142715336512
0.0161341977114
0.0161946040241
0.0160568607724
0.0142860507812
0.0148640641771
0.0161727025641
0.0149928416022
0.0152347902586
0.0133117296887
0.0162062314195
0.0145059257704
0.0148748240953
0.0152695538105
0.0176506517418
0.0159060961279
0.0150010148787
0.0156633632941
0.0165608997024
0.0130405461114
0.0156677746416
0.0139885867562
0.0137411364888
0.017035596409
0.0131180995397
0.0179591043321
0.0166390327083
0.0189733702693
0.0172632241013
0.0164608794736
0.0123457139935
0.0130182809219
0.0157450791804
0.0159762656531
0.0177417675551
0.0195741212459
0.014236341637
0.0144243659563
0.0142710404727
0.0171355051188
0.0175379411465
0.0158605161087
0.0154483063448
0.0146970854962
0.0176071211074
0.0138194819947
0.0140606460961
0.0134092623542
0.0115491561873
0.012277257073
0.0145300933881
0.0144554093045
0.0177737407234
0.0144746752935
0.0122004463175
0.0150840448615
0.0165809051173
0.0130761298911
0.0155806611
0.0157143822302
0.0136735358019
0.0174593685194
0.0130585907829
0.0141507120048
0.0170582975928
0.012534416334
0.0142264258052
0.0130325775967
0.0141537459448
0.014994180363
0.0158847387669
0.0151834782495
0.0150586007487
