0.0132966755786
0.0191088914962
0.0149406053312
0.0169005241015
0.0193846140693
0.0164140771889
0.0140073201507
0.0189926468621
0.0137183650026
0.0136929511508
0.0155141938857
0.0142317720393
0.01616963071
0.0126914384567
0.0173256253536
0.0148601857739
0.0165761760396
0.0133333962589
0.0145642040656
0.0151654442506
0.0138579599135
0.0134810958495
0.0150668878509
0.0166327567976
0.0163890646486
0.0182738612197
0.0178340172144
0.0144872875726
0.0146276643155
0.0179888709891
0.0128583447433
0.0166811394024
0.0148571357564
0.0137044703207
0.0143378594608
0.0180527689852
0.0159121766752
0.0151080806831
0.010725329921
0.0145549409086
0.015830640012
0.0181460429273
0.0137265616892
0.0186086902531
0.0145736421686
0.0165392384059
0.0164014514931
0.0186921950413
0.0150709006324
0.014508850053
0.0168241922805
0.0186468182085
0.0140109933844
0.0170101484611
0.0209224568243
0.0162382977356
0.012879134894
0.0160571089709
0.0122880701425
0.0195613109043
0.0185494857224
0.0183202544256
0.0168035033887
0.0154015226128
0.0155855713758
0.0131680485773
0.0164669174359
0.0147472697385
0.0144714014434
0.017012648053
0.0129628826236
0.0173317576097
0.0141598019301
0.0142006019178
0.0157270662954
0.017903120505
0.0185443715648
0.016883351113
0.0166821104285
0.0142533462135
0.0163575115654
0.0151047598556
0.0167930357232
0.0133680839375
0.0143631870514
0.011560360037
0.0152022562023
0.0148059029226
0.0161463413613
0.0168082895663
0.0153628541095
0.0149934098965
0.0176516935052
0.0167906966769
0.013877906416
0.0162842580994
0.0145890633869
0.0137418546616
0.0134385580411
0.0159745090607
0.0156524676053
