0.0139656116504
0.0132514926655
0.0151228559305
0.0156230594397
0.0157422425362
0.0137510043777
0.0162890334666
0.0168930755176
0.0187422580698
0.0168796897541
0.0174392872594
0.0136514234977
0.0154359265153
0.0151682582814
0.0144727806563
0.0146479754994
0.0134917338606
0.0185048947966
0.0177218127127
0.0136545586786
0.0143633404907
0.0142199163591
0.0139543731652
0.0150146805012
0.0135938733784
0.0171372153264
0.0135624813937
0.0191779322143
0.0177455519129
0.0174758636855
0.0133311418051
0.0160571136083
0.0134815319352
0.014183483126
0.0133104588943
0.0169698943912
0.0142161705873
0.0145122477805
0.0172489019151
0.0153251962249
0.0181502350261
0.0162865566048
0.0148342677095
0.0175048182522
0.0125232543204
0.0130008736357
0.0182455448155
0.0159580389416
0.0127199197667
0.0155341779082
0.0148283443646
0.0156790065141
0.0165249256742
0.0166267835494
0.0142118048506
0.0173656808854
0.0129726422207
0.0122925120108
0.0146963993723
0.0138045243872
0.0135552919375
0.0148925013299
0.0139650721825
0.0144396099485
0.014351622548
0.0172816636362
0.0154236059855
0.0144465735291
0.0137480678184
0.0185048111296
0.0153948435057
0.0145137495399
0.0138188549865
0.0169504683468
0.0137991725178
0.0191973307505
0.0160220415223
0.0137112739207
0.0137301310509
0.0155844276063
0.0169258833756
0.01957364739
0.0149395599939
0.0142092721843
0.0148323452688
0.016436968411
0.0142976777185
0.0158928066177
0.013488106402
0.016457557049
0.0170671611624
0.0172749327149
0.0140627140116
0.0142411840748
0.015340327531
0.0120058439294
0.0168574302413
0.013076766459
0.014459480654
0.0132586713984
0.0152712010505
