0.0152407896316
0.0156267533928
0.012497790038
0.0136772385323
0.0163287850505
0.0141161652012
0.0178465975598
0.0152802967554
0.0157254056261
0.0147228322764
0.0152837626525
0.0127278299507
0.0159371661414
0.0142348826385
0.0140415669581
0.0187622891326
0.0160864821369
0.0152691960328
0.0162514246096
0.0162861575546
0.0140159156401
0.0143250834509
0.0168368133199
0.0168029437732
0.0158712992812
0.01391763549
0.0141320264714
0.013659839735
0.0155143737827
0.0147701551249
0.0159127748929
0.0153092256143
0.0152434855937
0.0150716671232
0.0168011903074
0.0155258069564
0.0151905157102
0.0145754002333
0.0177915916577
0.0143491982118
0.0145538890419
0.0185280418034
0.0177995958706
0.0125154310088
0.0143299591626
0.018509403995
0.0133806591668
0.0140096455203
0.0160979253345
0.0153659268368
0.0148984435783
0.0144800922845
0.0135499635262
0.0153172819419
0.0157370851388
0.0152066523492
0.0150506761262
0.0160681874787
0.0153132073636
0.015399792107
0.0162028055741
0.0142827970414
0.0137176691712
0.0167076191413
0.013253720822
0.0124639223091
0.013720962601
0.0142207529753
0.0155649817192
0.0182535298358
0.0167683174408
0.0153539643679
0.0162759686403
0.0161692702073
0.0126416931353
0.0119875015914
0.0164702476666
0.0166474780297
0.014777316695
0.0144154597344
0.013989201655
0.013700962397
0.0154890227403
0.014515152211
0.0128020704559
0.0142044899692
0.0144530243428
0.0140139644428
0.0138435012825
0.0132118659915
0.0146506057161
0.0160108732521
0.0170259683598
0.0163505175925
0.0152562440204
0.018246880281
0.0147448298312
0.0148886872837
0.0164236195961
0.0145898749517
0.0151597954895
