0.0143248561817
0.0177884742456
0.0154917804028
0.0166943368924
0.0168497266135
0.0177268737006
0.015701777332
0.0180041234284
0.0156407724318
0.0158974359089
0.0176072115641
0.0142527359299
0.013865456295
0.0195100591908
0.017293853265
0.0144535984925
0.0126229611642
0.0167904073846
0.0180555094735
0.0155313489898
0.0189534374057
0.0140644790239
0.018216558236
0.016740980478
0.0148794604209
0.0154609666084
0.014823398417
0.0169464323323
0.0155882638393
0.0160120661362
0.0152507757207
0.0166487973134
0.0181804176888
0.0169318438874
0.0149020677255
0.0174738484667
0.0187103000427
0.0195408944421
0.0177073965394
0.0132400303144
0.0167191326092
0.0157551386454
0.0158553023515
0.0157187122876
0.0139323410976
0.0187777244025
0.016458877565
0.0209161331923
0.0160095450144
0.0164714658737
0.0161783452946
0.0173417292055
0.0165926638048
0.0161938756134
0.0160945053815
0.0174544103059
0.0172740782895
0.0142388565155
0.0131522295308
0.016459697585
0.0139258380777
0.014513916096
0.0169293297188
0.0167104339549
0.0169663237515
0.0163884570052
0.0160302894023
0.0181751036105
0.0172287958075
0.0144237506902
0.0144058778802
0.0173946699382
0.0144920695074
0.0190097802692
0.0162834004922
0.0164908570588
0.018361971018
0.0164341693082
0.0139764347497
0.0167680756195
0.0173050824752
0.016966535393
0.0190487883806
0.0153467565498
0.0152911248207
0.0192241780121
0.0184639307657
0.0160974308622
0.0165059199463
0.013172245484
0.0154763950628
0.01575885571
0.016079080888
0.0131048575447
0.0176544206183
0.0173719404742
0.0178128014731
0.0157716021889
0.0153028970635
0.0158471840795
0.0163448205024
