0.0163394364816
0.0142109023603
0.0136719151357
0.0148658710223
0.0146912638749
0.0152056401857
0.013281301934
0.0159047673854
0.0151916668821
0.0150469494179
0.0147015067497
0.0175550224016
0.015060050139
0.0132065206654
0.0147198397886
0.0163133807739
0.0127007041463
0.0149674896345
0.0171596851248
0.0141597415054
0.0143828493141
0.0188812311524
0.0168558305134
0.0143108856112
0.0166972207407
0.0153280519557
0.0140247560146
0.0124682506065
0.0150775795138
0.0144363104714
0.0175860636917
0.0174789207997
0.0154209585109
0.0164205393701
0.0164035032164
0.0138191193559
0.0180774742421
0.0168121022615
0.0154447008419
0.0141709155918
0.0160642263468
0.0141663701259
0.0152528017849
0.0139415295455
0.0147208170432
0.0166842595963
0.0118469238184
0.01344692695
0.0159896758215
0.0137490437481
0.0163099931979
0.0144111265171
0.0199789278527
0.0143942877827
0.0160438160206
0.0197893677515
0.0139254548184
0.016150344882
0.0175572082485
0.0144132141691
0.0138538729843
0.0229307537171
0.0156100743224
0.0173191388445
0.0192376694743
0.0156655649653
0.0155349706696
0.0163581177822
0.0138455939768
0.013682467789
0.0153563698806
0.0144160002005
0.0184681996713
0.0139416992236
0.0169617909901
0.0144510085612
0.0125400242405
0.0146408468064
0.0138251935681
0.0177611434813
0.0156344260639
0.0157057014382
0.0154982634807
0.0151603752668
0.0162806229893
0.0156198484032
0.0152662987354
0.0156112368459
0.0150410782312
0.0151255634709
0.0129651370041
0.0157102574352
0.0208090663669
0.0132149773964
0.0135924395682
0.0136448433632
0.0155471234788
0.0145547989453
0.0152240379111
0.0160973841673
0.0154459121712
