0.0166305702556
0.0181086019156
0.015860034759
0.0210410393143
0.0148032352078
0.0148443999534
0.0162769124847
0.0161677521419
0.0142783196255
0.0158203816952
0.0142555803356
0.0164242841209
0.0173310629399
0.015542213195
0.0162915155969
0.0159684972888
0.0159821871257
0.0143941440341
0.0110575149259
0.0162175532777
0.014486826082
0.014822673913
0.0144427693118
0.0167909014656
0.0146843944657
0.0162450343877
0.0164838492237
0.0176766598076
0.0147727012383
0.0141949276516
0.0141677747333
0.0132513820602
0.0169783094694
0.0166424303395
0.0156228848475
0.0150170646022
0.0153903282246
0.0155476381021
0.0145812337695
0.0139161896951
0.0161747971099
0.0128716287932
0.0173267381755
0.0175103747952
0.0148315917777
0.0150783758866
0.0185425759464
0.0162521516318
0.0111024961727
0.0153973080189
0.0154324897895
0.0161003793586
0.0163715576752
0.0153478844691
0.0183366572626
0.0142200626937
0.017217700214
0.0164353587726
0.0165141624993
0.016476312119
0.0134314392529
0.0141712889321
0.0159027496966
0.0159327328014
0.0172669995852
0.0165052866599
0.0161431567107
0.0154739139969
0.0190135705044
0.0167114104664
0.0133645405662
0.0178756939777
0.0167401147259
0.0163411360014
0.0182687296238
0.0157218676966
0.015165015934
0.0185912638362
0.019445977968
0.0140737586521
0.0130367202959
0.0168061552523
0.0136628519595
0.0182218999781
0.0172653440422
0.0164638045054
0.0140440747064
0.015728158193
0.0140786753433
0.0177615063392
0.0158248027186
0.0145580629967
0.0134465898807
0.0140358626616
0.0146266049923
0.0152844132946
0.0147871107351
0.0164983432799
0.0164718707303
0.0171520559122
0.0157644793215
