0.0163114125685
0.0136135362547
0.0154019423999
0.018573690384
0.0157168694343
0.0154494026967
0.0147304495644
0.0127171992985
0.013580565268
0.0160750000174
0.0156081313039
0.014646159323
0.0132103017875
0.0157105347981
0.0138343848924
0.0150042189789
0.0140734787553
0.0154091607388
0.0168699196767
0.0126129390607
0.0149536794037
0.0144562535249
0.016552206479
0.0124278789327
0.0163549657724
0.0162286385062
0.014494458546
0.016555565459
0.0153010953375
0.0157916949959
0.0136834813079
0.0145019318008
0.0177681382381
0.0141515357168
0.0178087247115
0.016090665641
0.0162824114679
0.0158556221599
0.0145758776217
0.0156927943757
0.0135056338211
0.0175769865317
0.0157243633601
0.0153451322433
0.0141478152728
0.0186061581789
0.0171211889478
0.0142642379395
0.017286144326
0.017132767441
0.0170111902012
0.011547208089
0.0161365492125
0.0135998105243
0.0161383748165
0.0132578143278
0.0131038340724
0.0148394667666
0.0155875292793
0.0150251794678
0.0142365935291
0.0173267783671
0.0181133800436
0.0164130916234
0.0171846173739
0.0168372551541
0.0142769660416
0.0163773259686
0.0165524841414
0.014431581733
0.0141553081316
0.0144588566861
0.0144421914405
0.0188316151494
0.0134199462508
0.0155328810262
0.0178642212813
0.0173584812116
0.0174656323663
0.0152615159695
0.0142207886634
0.0131748884669
0.0133718005951
0.0144926363907
0.0156823831517
0.0137976679554
0.0193413012291
0.0159797368147
0.0152041131874
0.0167374941425
0.0154496244489
0.0132023343837
0.0164898150778
0.0199589733285
0.0144287254676
0.0118550066383
0.0163397445327
0.0166079682908
0.014669308954
0.0160109908759
0.015431903281
