0.0189273751108
0.0145541608175
0.0138962345064
0.0154929749018
0.0159917078607
0.0107703338294
0.0165860882638
0.0177201740701
0.0161596896786
0.0138015705646
0.0148233134292
0.0148450409268
0.015175836253
0.0169250271774
0.0167045305993
0.0148657829353
0.0176116113861
0.0164016993622
0.0167267441442
0.0158074403884
0.015743450473
0.0160809224218
0.0154963954915
0.0160377025057
0.0145500724755
0.0167180333688
0.0158829978108
0.0142850317893
0.0162405547251
0.0185371866751
0.016169356579
0.0163604656054
0.0157588949829
0.0178068459494
0.0168926842664
0.0161409051177
0.0179878498433
0.0133584273984
0.0167075443816
0.0182534495705
0.0180667528782
0.0152012470293
0.0142183363725
0.0175252173099
0.0187503327761
0.0161870182263
0.0159732655655
0.0156923508967
0.013467000557
0.0164715160261
0.0146965506494
0.0176855809143
0.0184999041963
0.0133372231413
0.015526910853
0.0144528480183
0.0151479149551
0.0150626659701
0.0156444226297
0.0135583267481
0.01415427089
0.0180585248026
0.014979362891
0.0152727011559
0.0136372538571
0.0166921323174
0.0155731869515
0.0144447351726
0.0161231476102
0.0152671274391
0.0163131030704
0.0165907594441
0.0167766609808
0.0167665488785
0.01781028726
0.016600277113
0.0137272603423
0.0124430414074
0.0173168288976
0.0170129864337
0.0151295468516
0.0208193150536
0.0160100406091
0.0129826405473
0.0195812350687
0.0144558006693
0.0141230643158
0.0136524444774
0.0153023720471
0.0121449777247
0.0157343596098
0.014589388964
0.0162183842376
0.0167177476568
0.0185720833139
0.0137280859011
0.0138384658329
0.014988076771
0.0128570348852
0.0138489877819
0.0157481574258
