0.0176187120521
0.0170344126842
0.0174852386124
0.0156709259417
0.0167945430484
0.0153689646561
0.0145417007949
0.0205274515381
0.0143670526237
0.0219042478854
0.0195446473871
0.0169970859473
0.0172586937118
0.0142341235873
0.0154704113111
0.0177065587572
0.0153000871336
0.0158968225318
0.0142036765102
0.0184978183356
0.0148769675648
0.0168152082365
0.0184149541395
0.0130162968441
0.0170873564401
0.0169269422051
0.0144871157578
0.0146741920599
0.0149304659382
0.0145613272578
0.0137660681953
0.0157435665528
0.0137996372013
0.0166051343893
0.0173826595079
0.0160188440456
0.0163691854972
0.0170604008245
0.0163943983191
0.0146663315893
0.0127414329537
0.0181163772574
0.0142454893626
0.0121653661013
0.0139963701125
0.0139496439714
0.0145436988708
0.0172560194663
0.0146054422203
0.0176833707192
0.0114356033154
0.0156353293723
0.0164421476893
0.0155596001391
0.013658045555
0.0152920191024
0.0153623982162
0.0148648518611
0.016723891436
0.0153647708381
0.0144563991118
0.0154937752175
0.0171645791021
0.0171757613938
0.0154632923657
0.0140111373049
0.0176018297298
0.0142427758149
0.0154572240904
0.0175089284325
0.0159877406677
0.0133123112425
0.0143057950144
0.0129494571096
0.0170239527486
0.0162996803363
0.0143543022824
0.0164684288151
0.0158449781491
0.0173504356731
0.0185007208649
0.0162558729995
0.0149144185317
0.0149278379406
0.016015491623
0.0168147678724
0.0161552454345
0.0167659512122
0.0167274104701
0.0186239765243
0.0160329195642
0.0145387434832
0.0138000180702
0.0135579318113
0.0143492503939
0.0194707193706
0.0161103100155
0.016887228984
0.0156703103918
0.0148061117775
0.0158306011811
