0.000118848224191
0.000120718732961
0.000128831101178
0.000123932726716
0.000131726099137
0.00012158990986
0.000136597486956
0.000124891065126
0.000130331563195
0.000126946827139
0.000138609822782
0.000117113652589
0.000118688237839
0.000133539478115
0.000123863847733
0.000130533857631
0.000113565769699
0.000127044757711
0.000128224814335
0.00011666822053
0.000132725169938
0.000123059761341
0.00011954375944
0.000121253570488
0.000133696755257
0.000128210205616
0.00013505574225
0.000130804577168
0.000116136282724
0.000120817144562
0.000117007948772
0.000126611168841
0.000135008243917
0.000120686292721
0.000133037202454
0.000112479111604
0.000113125107381
0.000123933771891
0.000128297790099
0.000139369851418
0.000121852292342
0.000127098183508
0.000131254589062
0.000121494148865
0.000123257711859
0.000132319105962
0.000122698403233
0.000135701121724
0.00012769950983
0.000131851266797
0.000124126006436
0.000126075093217
0.000116599908282
0.000128684191212
0.000116495154443
0.000123644941381
0.000119761044749
0.000131408973615
0.000127909784903
0.000122859598331
0.000122596204372
0.000124026632319
0.000127010960875
0.000129503533506
0.000129288238195
0.000129801455202
0.000119821141124
0.000123225551716
0.000115637702413
0.000126603842764
0.000126717736377
0.000121446097327
0.000120490744865
0.000138324528991
0.00013960792125
0.000129258032459
0.000117900200725
0.000122486994833
0.000123884288279
0.000118148414235
0.000124358348111
0.000120277182909
0.000125572516938
0.000115235338152
0.000113466162618
0.00012780254213
0.000122127189185
0.000134948152027
0.000126614961641
0.000125465896057
0.000135557165872
0.000131685308694
0.000119250611061
0.000126791360554
0.000127046317988
0.000116891389322
0.000119573915784
0.00011816495133
0.00011336317643
0.000124275097832
0.000125101644895
