0.0121238938901
0.0132013008196
0.0141082501796
0.0149793146323
0.0157101720023
0.0131411493895
0.0140584490612
0.0130225080193
0.012747285628
0.013365464323
0.0151636111665
0.0137787913664
0.0138529662815
0.0131050912746
0.0141275365805
0.0112268881326
0.0132391512876
0.015230218094
0.013328973251
0.0141534483488
0.0143077605699
0.0171974930641
0.0148306549404
0.0141486050969
0.0123161115924
0.0143338548221
0.0144527603827
0.0149082788583
0.0145140388394
0.0163678146429
0.0157853432565
0.0169839897019
0.0158158603258
0.0158753349336
0.0173490712305
0.0132737439501
0.0136317361537
0.0151535461668
0.0150821116651
0.0137386920115
0.0134528224925
0.0142613231891
0.0167501516028
0.0147921747202
0.0125313115166
0.0121301795117
0.0139151624219
0.0136454060952
0.0123455227509
0.0164741270491
0.0158331768178
0.0150130945843
0.0159207811761
0.0155007168427
0.0118454311948
0.0155305572747
0.0132458788921
0.0129897127632
0.0118335978147
0.0126611374857
0.0141259528555
0.013270519943
0.0119026222153
0.0175047945155
0.0126334260932
0.016283058273
0.0183146003968
0.012545766707
0.0128460389267
0.0139338487765
0.0133918837567
0.0165707302095
0.0129257453988
0.0166939030956
0.0123676210561
0.012815802696
0.0132573935627
0.0166486650697
0.0122125971999
0.0149543142628
0.0151765514722
0.0167344118629
0.0135153482227
0.0139928456487
0.0148827809336
0.0141818519637
0.0132698920606
0.0130508065182
0.0132531956601
0.0132063305616
0.0132392982379
0.0147183332385
0.0126928120564
0.0140799942172
0.0114977750324
0.0184949116647
0.0129753852721
0.0113470180236
0.0154820748564
0.0141659693773
0.0141956040402
