0.01591089723
0.0123840353122
0.013671372135
0.0150684015179
0.0153334527775
0.0124223649802
0.0145961237694
0.0135802397567
0.0149955054179
0.0148154443861
0.0151100011411
0.0137398172073
0.0128271727178
0.0127115981059
0.0154866879583
0.0136576863851
0.0161132374774
0.0139233604151
0.0134520826975
0.0143438614351
0.0143326594996
0.0119260641567
0.0149881290369
0.0128655794634
0.0168967852525
0.0121304025408
0.0169832192385
0.0128239014691
0.0164566903782
0.0176268255738
0.0123093684388
0.0132782009055
0.0156059939498
0.0162919997158
0.0159797039529
0.0155544616359
0.0145785640486
0.0128189414078
0.0149023513867
0.0133293515231
0.0130235610346
0.0149177569398
0.013937749207
0.0106309338163
0.0140169653569
0.0142352451625
0.0145616275731
0.0139030532701
0.0117974055371
0.0117980858105
0.0144151729736
0.013897826442
0.013580807313
0.0133714779192
0.0131782174629
0.0163578650095
0.0152951228648
0.0154159068096
0.013023385767
0.0138836727214
0.0123619106182
0.0155948844822
0.0123682188072
0.0136282514561
0.014905969364
0.0130607263095
0.0170075330237
0.015463596661
0.0131114037406
0.0160796955385
0.0134998526875
0.0159546275713
0.0144723536673
0.0127939465929
0.01580196345
0.0146973835941
0.0139154680464
0.0149319248741
0.0128226052995
0.0123698907073
0.0148588784976
0.0148568725032
0.0143987755692
0.0123037105671
0.0119344969188
0.0126718217195
0.0145499280201
0.0155354297181
0.0139268538691
0.0149215179685
0.0132057651947
0.0127754154378
0.0153900892268
0.0152509338028
0.0124217027186
0.0116841216603
0.0102371554341
0.0127257044832
0.0151218048455
0.0116932298536
0.0140637078989
