0.0121534447789
0.0153288541208
0.0159130842389
0.0146469739004
0.0158396537621
0.0153315072479
0.0145158193684
0.0141712636009
0.0143813565867
0.0162144521162
0.0137177467053
0.0140748575533
0.0119360975557
0.0132040716503
0.0135854129568
0.0135546454698
0.014315762896
0.0131806448138
0.0181901047809
0.0174187095939
0.0131530356984
0.0143620977256
0.0136704784248
0.0145549860726
0.0156748507451
0.0144420173181
0.0151353224806
0.0139083821134
0.0161277829471
0.0143376584591
0.0135617305958
0.0167406426244
0.012988720171
0.0141963578003
0.0141554332677
0.0145057582295
0.0169372033736
0.0134774399859
0.0132566331545
0.0132696161183
0.0161357561812
0.0142809481013
0.0131422605992
0.0131319127891
0.0164402817195
0.0136956373185
0.0149446124439
0.0135036759649
0.0143523837868
0.0138720116043
0.0143117882568
0.014548557434
0.0143276590236
0.0131284380302
0.0137999106534
0.0155724047888
0.0129005851781
0.0111765613371
0.0127721136936
0.0164624800738
0.0142725341041
0.0142278074253
0.0171879079069
0.0134247852246
0.0151401206311
0.0152326794452
0.0128985102913
0.0132451617131
0.0109728800556
0.0136679457405
0.0143006858858
0.013309799199
0.0124929604181
0.0107633203499
0.0105067389489
0.0159088180524
0.012772256782
0.0129612326174
0.0141182801485
0.0145095728772
0.0129847142571
0.0128222204193
0.0142075912718
0.0156639343228
0.0135984230402
0.0172859960394
0.0135070843157
0.0142701826882
0.0154991599366
0.0138246671803
0.0149621195761
0.0134351824321
0.0184310831632
0.0112736686531
0.0140852260772
0.0134471475636
0.015018226988
0.011886625721
0.0151454499998
0.0149058187466
0.0142079911019
