0.0136422394038
0.0147240522985
0.0150398889754
0.0137055983642
0.0130078292727
0.0137114896606
0.0146107917203
0.0143058612084
0.0126925272303
0.0128096071416
0.0142687996663
0.0133910241332
0.0148740158318
0.0136853152333
0.0184645102989
0.016986130371
0.0156358861284
0.0162325233699
0.0131335428113
0.012737987996
0.0131339621
0.0120841757508
0.0147594913928
0.0132811241812
0.016194585281
0.0127624364269
0.0152129097593
0.0111027544766
0.0141142411964
0.0167391185061
0.0129272614958
0.0168477759119
0.0160377963602
0.0119942654711
0.013704753091
0.0126649068599
0.0146193347578
0.0151824566337
0.0153642508013
0.0116148068649
0.0177536205775
0.0124887725112
0.016697346631
0.0149980050522
0.0158313374212
0.0150063045083
0.0133551175595
0.016185173546
0.0146351662397
0.014523754429
0.0147675870858
0.0174671767564
0.0148333198426
0.0141055797793
0.0146785834238
0.0146233428321
0.012684629847
0.0129437363706
0.0184494882292
0.0158981019855
0.0163149682951
0.0171725217934
0.014805263276
0.014781899614
0.0152382313167
0.0129095275467
0.0154193045535
0.0125371031325
0.0108960879548
0.0155830556873
0.0130946979945
0.0132252773393
0.0156891264631
0.0157705250894
0.0158156624399
0.0163295933652
0.0151394758481
0.0145964638512
0.0134184419784
0.0159283074081
0.0168758732313
0.0139379649991
0.0144919127338
0.0141916821827
0.0136361856844
0.0165280876528
0.0132168290197
0.011920708928
0.0121853653163
0.0144808999173
0.0153323086307
0.0150426708067
0.0128084769178
0.0147126562458
0.0144590383041
0.0138938345446
0.0126500567772
0.0147995184173
0.0160226482905
0.0173084955872
0.014530889222
