0.0140849448088
0.0144159852171
0.0143711765227
0.014554082549
0.0152802773017
0.0149689454286
0.0130152492642
0.0138001447057
0.0138321817129
0.0134542389348
0.013519520343
0.0141503768928
0.0159851021742
0.0122055390984
0.0139961573688
0.0161212140787
0.012356204602
0.0121397316798
0.0155347090039
0.0147187904746
0.0160905669252
0.0122863973767
0.0123824122874
0.0154512549982
0.0152337766799
0.0155377465905
0.0146909397167
0.0127247915373
0.0131282617691
0.0124688204414
0.0127294538019
0.0148267424353
0.0116561166877
0.015601206519
0.0124003380369
0.01169282368
0.0131705337027
0.0161072131552
0.0135404368446
0.0139571019197
0.0118958223058
0.0139950101354
0.0151981157318
0.0133257547369
0.016100686307
0.0175139864214
0.013767494387
0.0156652892363
0.0127251662546
0.01454110438
0.0113569027057
0.013395829709
0.0145329502136
0.0130213967414
0.0128605749887
0.0117244386561
0.0135738672558
0.0129442679198
0.013669844485
0.01335707612
0.015718664783
0.0181690640372
0.0125555707051
0.0154647908213
0.0151654925424
0.0118762703971
0.014468897921
0.0180711388824
0.0118821033393
0.0140611008729
0.0103170387231
0.0144597449052
0.0169203090006
0.0136973481316
0.013593812392
0.0136248927357
0.0122878664685
0.0143163741794
0.0155647563406
0.0136862053356
0.0137347396061
0.0137741894483
0.0138910394849
0.0155416380169
0.0136797033632
0.0153060295116
0.0175303629581
0.0140222205403
0.011706935982
0.0118671343627
0.0131875138399
0.0126935465091
0.0170538752798
0.01530216816
0.0136882539793
0.0148714169979
0.0122205907344
0.0146666285472
0.0142406848476
0.0172553871715
0.0140548258781
