0.0120418283297
0.0133155995788
0.0137839793587
0.0119907098347
0.0133795355426
0.0151991402448
0.0119205935055
0.016336374389
0.0135736386792
0.0136131937604
0.014269349027
0.0113806665894
0.0112584566667
0.0147588196546
0.0161321707829
0.012951859368
0.0126163635854
0.0146087215551
0.0157482332762
0.0134678884422
0.0126547937353
0.0123965714302
0.017281564961
0.0154026197957
0.0143117515311
0.0129423243172
0.0130265940628
0.0137584873949
0.0116049409845
0.0159533677262
0.0147929992864
0.0147086363308
0.0155135954452
0.0152700768452
0.0117555925783
0.0151241191498
0.0134924936521
0.0124345519296
0.0157917689312
0.0121349785176
0.01471280733
0.016560669871
0.0146824018628
0.0146117897921
0.0160891967622
0.011623403518
0.0139561258856
0.0144026571638
0.0168802017878
0.0143207184083
0.0122448346478
0.0131913067841
0.0170076475719
0.0120664936025
0.0135951815102
0.0139309181179
0.0139103797987
0.0142636503469
0.0155398270357
0.0151401350151
0.0173138908257
0.0165993541073
0.0142835531035
0.0129207766276
0.0151679788915
0.0130319010674
0.016358040023
0.0131767534479
0.0128864681514
0.0144156907561
0.0135305464167
0.0145007008137
0.013101085373
0.0151510625503
0.0143496808315
0.0117761326729
0.0126718482673
0.0150995428839
0.0158851805899
0.0160551296816
0.0120613448493
0.0119973250407
0.0143310495353
0.0147005742824
0.0130176246831
0.0170579760949
0.0127688671407
0.0155792246146
0.0137132669986
0.0131487966502
0.0124597455352
0.0122527979848
0.0190975429696
0.0157122938547
0.0158406145518
0.0138208988346
0.0156949666631
0.0129953058102
0.0141126910459
0.0153828776724
0.0141545039948
