0.0165205916137
0.0128560608332
0.0127658447568
0.0152018096202
0.0140482858831
0.0144049910837
0.0129392585225
0.0151867372746
0.015983581982
0.0138070787545
0.0138711762115
0.0139043122174
0.0148837328835
0.0166082714348
0.0134883023973
0.015176426683
0.0146743597479
0.0135842428989
0.0150776971358
0.0129751932322
0.014705901267
0.011448682262
0.0135411871121
0.013228744892
0.0143322394186
0.013273034764
0.0142652581777
0.0154334151211
0.0147741125499
0.0123422685957
0.0128799625518
0.013192749126
0.0127170827912
0.0113284963124
0.0132600831487
0.0112204319116
0.0167547208777
0.0126406986981
0.0115136116569
0.0145097656104
0.0103550754737
0.0146159828198
0.01213224794
0.0140406216467
0.0158685119982
0.0130891367743
0.0116379252024
0.0155295154872
0.0135158529833
0.0138790016116
0.0143205949721
0.0136573854723
0.0150142944606
0.0118204629786
0.0157630572254
0.0144388671839
0.0176905714587
0.0135539845525
0.0151532419286
0.0151359820589
0.0150499147887
0.0129262000928
0.0140312694973
0.0127874121007
0.0145232292886
0.0135311160393
0.0136278708821
0.0135402246709
0.0120732941673
0.0147172421517
0.0145185091196
0.0146701455711
0.0125581158785
0.0140467612491
0.0161360720501
0.0137348161217
0.0141994012395
0.0134964398183
0.0147606351136
0.0142032474437
0.0165041923959
0.0145549844142
0.0139136917478
0.012860885977
0.0144067720009
0.0145512838172
0.0164017010446
0.0138989260801
0.0138937506958
0.015495411754
0.0173882079384
0.0121908591472
0.0140407364815
0.0133039493947
0.0122138543277
0.01443964227
0.0139892697999
0.0131741795778
0.0136504976908
0.014332344674
0.0140086977475
