0.0157827437614
0.0142352516362
0.0142008195687
0.0137504536079
0.0143254048704
0.0117718111277
0.0137132293568
0.0122508075677
0.0137190677869
0.0135557021795
0.0143963807047
0.0134446620106
0.0137177728308
0.0122250739264
0.013019628102
0.0108297162779
0.0150137478374
0.0154738093143
0.0157386847524
0.0142491629179
0.0164532722151
0.0147583611523
0.0143736967154
0.0135285150278
0.0160493484465
0.0131527664111
0.0158674758564
0.0125591721618
0.0139337417397
0.0154483382703
0.0125783145543
0.0124124011597
0.0151207646699
0.0159262035691
0.0137809532397
0.0144652273756
0.0129452589608
0.0137820249304
0.0123815106477
0.0145048817214
0.0133342679727
0.0147539749068
0.0153668824149
0.0117818049554
0.0116635535314
0.0159984456316
0.0136079177016
0.0120234015136
0.016415947513
0.0149855393454
0.0127197581112
0.013642245028
0.0138345994899
0.015720689212
0.0126930901867
0.0133852553229
0.0175428830738
0.0118776373511
0.0136533231809
0.0129756156529
0.0157223905707
0.0138853119689
0.0127120052347
0.0146341828044
0.0153523945339
0.01591583136
0.0181305534163
0.0139968560728
0.0123043300901
0.0149982050422
0.0133498763161
0.0103697162845
0.012540839845
0.0128615405016
0.013400711413
0.0128413600874
0.0129325382115
0.0133636164777
0.0148196638436
0.0136468763554
0.0145896822216
0.015303116447
0.0127912268369
0.0159397830744
0.015519202769
0.0149800836723
0.0133317738194
0.0123845296063
0.0119475926408
0.0122599215817
0.0117940306293
0.0157938122202
0.0141970451165
0.0141937349478
0.0146152859727
0.0124097748741
0.0124712663833
0.0148548101899
0.0147606877117
0.0145490765264
0.0139387822873
