0.0123954840784
0.0111733593954
0.0126450662918
0.0130192923093
0.0153675941213
0.0154361286151
0.0128706804858
0.0124859662167
0.0158750977378
0.0129223561016
0.0148155048294
0.0133737892768
0.0144622219406
0.0143005803311
0.0142331671975
0.0144547682619
0.0142775877034
0.0130788501739
0.0135750508595
0.0110462676934
0.0112555823096
0.0118828466919
0.0124996404426
0.0134375796825
0.0131459244124
0.0126179250252
0.013990162088
0.0128725191003
0.0159793328067
0.0150481141894
0.0137533843965
0.0133843461716
0.0159130464445
0.0163785657966
0.016048349879
0.0133105780896
0.0129159832414
0.0142779830364
0.0162051782653
0.0139040450672
0.0150694295666
0.0106998679788
0.0107835086009
0.0133713827113
0.0130042569948
0.0135973166832
0.0141217501908
0.0121400293118
0.0129616623721
0.0158938029628
0.0154285747701
0.0132135198144
0.0134559056317
0.0163437231311
0.010923996177
0.0155268849967
0.01270286712
0.0134801227851
0.0135641751302
0.0133414988061
0.0168183036816
0.0141019174835
0.0141301083479
0.0133306207267
0.0167239802564
0.0140710312233
0.0142719874311
0.0135748297775
0.0159324063733
0.0146123078051
0.0145921217188
0.0132680844576
0.0126510413545
0.015269203348
0.0151967933507
0.0169458464802
0.0175886507394
0.0121886088345
0.0145385977459
0.0162561940594
0.0140987837448
0.0115291739624
0.016302287029
0.0151223851108
0.0137482328419
0.0152862297018
0.0137671903144
0.0158952128023
0.01728964383
0.0140377648769
0.0121965279542
0.0135206704276
0.0131820459937
0.0135139642008
0.0161829910961
0.0156920968739
0.0145638849044
0.0111298832545
0.0131468303925
0.0141376374167
0.0140066024842
