0.0149334594415
0.0143014598892
0.0158079374204
0.0170412343923
0.0159074754448
0.0138988117751
0.0130567908025
0.0123938111715
0.0171171518117
0.0119653373357
0.0155444545822
0.0144151628697
0.0126117756797
0.0115239626735
0.0145310608783
0.0125992754059
0.0121508587035
0.0164548080881
0.0158233044435
0.0139418492266
0.0118963085927
0.013600928432
0.0168955446786
0.0139006113322
0.0167944139398
0.0128724716075
0.015138977968
0.0131591613291
0.015357277688
0.0132435534842
0.0161717407841
0.012704001128
0.0142381901333
0.0157322265397
0.0145856940329
0.0143107781213
0.013161359732
0.0151333380121
0.0154206172447
0.0184771215934
0.0118219721847
0.0141099219188
0.0143213297524
0.0144717619366
0.0147077962907
0.0115133914184
0.0114609420621
0.0136321665386
0.0138222320176
0.0150206111621
0.0140746329833
0.0148672454338
0.0106870082678
0.0138440891342
0.0137654142159
0.0120302183621
0.0144715970719
0.0138624218612
0.0147329868258
0.0161485748038
0.0133640677872
0.0153492421517
0.0121153932942
0.0128869438789
0.0143083686796
0.0134936344926
0.0136253580868
0.0147613290709
0.0144609846165
0.0128332683986
0.0113509582193
0.0129963899629
0.0140994923951
0.0144564310151
0.0149014338304
0.0143427557524
0.0129054768544
0.0137651787311
0.0153817534642
0.0149465490193
0.0127485420852
0.0143384870958
0.0136106550622
0.0130061900814
0.0137842928012
0.0159208933286
0.0154492500315
0.0135510772685
0.0122187194639
0.0143242208069
0.0156739373034
0.0150031467021
0.0122011021522
0.014462021982
0.0179909169922
0.014271824566
0.0108347711691
0.0154680591787
0.0126814994973
0.0138656191519
0.0140993084907
