0.0142081449957
0.014166390131
0.0151762049553
0.0125827275498
0.0128423093813
0.0162056671035
0.0150688113437
0.0134959317794
0.016960645927
0.0167251969909
0.0136848015429
0.0161398861174
0.0161967180024
0.0140886692688
0.0150694226563
0.0122957942996
0.0144120546099
0.0142889585025
0.0130355872831
0.0148245908462
0.0162535338855
0.0109619801687
0.0133021921801
0.0142127221356
0.0157116562839
0.0159469218218
0.0115255681793
0.0140492455522
0.0160671255434
0.0156663312971
0.0147322967291
0.0169740714219
0.0136524552042
0.0155402635074
0.0138109966106
0.0146254432662
0.0181182267569
0.0167313147371
0.0163779584838
0.0142276309313
0.0126745545518
0.0132241472467
0.0144644040907
0.0167162269842
0.015449521997
0.013368932725
0.0143132312581
0.0153816862167
0.0114058743114
0.0141066471423
0.0142358138274
0.0177951572868
0.0131451649824
0.015498851903
0.0161065000238
0.014590601783
0.014186368307
0.0142252036086
0.012877768827
0.0120620875307
0.0161429765279
0.0181173629294
0.0153740850624
0.0123301993737
0.0136949175249
0.0134828087091
0.0150870876219
0.0140657884069
0.0176676647478
0.0137479054772
0.0137819163026
0.0142515036904
0.0131826702422
0.0124374127015
0.0133739318649
0.0153065257779
0.015421235849
0.013766647431
0.0177797228647
0.0141851585122
0.0153487116827
0.0169541184478
0.0129922182798
0.0110982391576
0.0170201900758
0.0110302278206
0.0122368562647
0.0151136149844
0.0153714972166
0.0125743737196
0.0169061798834
0.0155993943067
0.0135067568915
0.0137125295468
0.0144862032537
0.0138367920238
0.012713619867
0.0137167431571
0.0150185287754
0.0134339662989
0.0145165347586
