0.0153667898193
0.0120483639742
0.0162792873033
0.0135006279584
0.0115054499329
0.0135273683655
0.0139745457243
0.01031436253
0.0150832516343
0.0138260586031
0.0163476517757
0.0131806232248
0.0165725119305
0.0139003828991
0.0143000998804
0.0135024883733
0.0146901627983
0.0147280724969
0.013492876417
0.0143796099122
0.0119712520686
0.0117592037232
0.0149453333704
0.0146440106537
0.0134003781698
0.0149310604629
0.0132341747976
0.0123697733319
0.012361661241
0.0150687463874
0.0166074702203
0.0129412485198
0.0151715183919
0.0127277408195
0.0132805539458
0.0138085860364
0.0145687076393
0.0146222550038
0.0150723558429
0.0135149958533
0.0157633962317
0.0144107927447
0.0120373676036
0.0151138523916
0.014143356179
0.0146152660114
0.0120819589898
0.014489133359
0.0159729628683
0.0144106381487
0.0137628356709
0.013317160114
0.015278062036
0.0128877970983
0.0128283622024
0.0127202577319
0.0147171388903
0.0132454409885
0.011905471793
0.0134768685134
0.0154442990871
0.0140547022954
0.0152954961728
0.0146913017619
0.0137693166331
0.0131858262365
0.0139588402877
0.0171885167178
0.0142734083679
0.015726302805
0.0140519162288
0.0147556712771
0.0134260393424
0.0145156945139
0.0143470174457
0.0142373643565
0.0109466912386
0.0122643168956
0.0165273773474
0.0135736740928
0.0176758940968
0.0138290025645
0.0123448501801
0.0136305054327
0.0151640543601
0.0143897321895
0.0148714709128
0.016590887574
0.0153382144373
0.0139954827035
0.0137806714247
0.0153092229782
0.0143185243565
0.0136246484359
0.0125956130154
0.0137009390515
0.0131972818553
0.0138808957743
0.0163323139781
0.0117878078205
0.0140729151784
