0.0100543993286
0.0159400801977
0.0149019894554
0.0156725979311
0.0148653735584
0.0136111792662
0.0138828603045
0.0112324713328
0.0153706135092
0.0131260949767
0.0135164047008
0.0124863141866
0.0130191571741
0.0152376577575
0.0152257713008
0.0174413872739
0.0125547724445
0.0134722582934
0.0127837117311
0.01591924841
0.0155822676871
0.0163385489875
0.015984436846
0.0115923641251
0.0137262326593
0.0158072947725
0.0163158020533
0.0134074850978
0.0148727807698
0.0132730738901
0.0138245847241
0.015162718833
0.015087197423
0.0155537387219
0.0137133541728
0.0136173383288
0.0144501814796
0.0134518208077
0.0137927781572
0.012600304647
0.013751980402
0.0137805510666
0.0158682382922
0.0164271003771
0.0148653193735
0.0122847447121
0.0147767342862
0.0121227923865
0.0134224945495
0.0157263172228
0.0155335968969
0.0133476781883
0.0145722360697
0.0144688237622
0.0154103137387
0.0149393479366
0.0169715835707
0.0163204350307
0.0141013458744
0.0118548992053
0.0136620643848
0.0148056277954
0.0128264542177
0.0134653364514
0.0160890271064
0.0121018782205
0.0158150667576
0.0138487482074
0.0136955044645
0.0146496548591
0.0141469756549
0.0130265518993
0.0116202420755
0.0128334009036
0.016648952915
0.0187748138306
0.0140588182389
0.0126512832932
0.0161928244462
0.0173159646113
0.0117196652378
0.0143046612787
0.0155811224304
0.0128184672872
0.0146151700962
0.0142403103154
0.012940214558
0.01290753018
0.00933725445327
0.0147152154248
0.0154131983108
0.0153919131811
0.014424411928
0.0124974938381
0.0125143313002
0.0124426617112
0.0159586340056
0.0153668407207
0.013576408411
0.013784001451
0.0142179387671
