0.0163820319048
0.0148814562738
0.016635876914
0.0120996687466
0.0139839191044
0.0122026041088
0.0150110966281
0.0154040152226
0.0137253578308
0.0147521692339
0.0147317662171
0.0148519998048
0.0140006331479
0.0134461154174
0.0139571335676
0.0154544842959
0.013159776171
0.0152344659314
0.0156535089647
0.0128895261554
0.0135431672926
0.0138338923195
0.0135325489285
0.0129238761686
0.0156529742379
0.0155257205361
0.016883286192
0.015569987814
0.0151636783973
0.0142144953728
0.0155778813493
0.0173667467483
0.0158678384736
0.0129204821788
0.0140358830614
0.0141804896158
0.0142899374188
0.0153306203507
0.0156728017857
0.0139016981684
0.0127157307418
0.0135817945799
0.0127787044283
0.0143178216192
0.0125488541195
0.0167472053412
0.0149872349208
0.014298514122
0.0129018501426
0.0146362364052
0.0156671396963
0.0147072545128
0.0144509595123
0.012819913352
0.0139645669944
0.0152613608073
0.0132064661722
0.0153093940469
0.0167265598779
0.0139352488581
0.0157717191176
0.0127516236695
0.010284474398
0.0135630964281
0.0130796593199
0.0143232573436
0.0124515238929
0.0135932766265
0.0128685879514
0.0131439919737
0.0131579416633
0.0129796409512
0.0138257015632
0.0158910846861
0.0121395215714
0.0138458322523
0.0138384395898
0.0149211687885
0.0149661516532
0.0139268254187
0.011417983465
0.0149472904618
0.0135997102893
0.014310707921
0.0134740717134
0.013337035461
0.0131990034703
0.0181639668269
0.0122402586169
0.0145815818675
0.0140697496466
0.0150260015582
0.0168947092025
0.0131938519261
0.0159233685939
0.0155031306422
0.0169297256642
0.0163823441137
0.0136075351665
0.0164405741294
0.014345745419
