0.0155767987689
0.0151215268191
0.0165013715875
0.0105852171984
0.0124484996924
0.0141788162007
0.0130417338515
0.0131887945338
0.0113245409626
0.0168416646747
0.0129300975106
0.0134123612949
0.0157763512674
0.0185823431723
0.0147408680409
0.0145858578841
0.0149646173478
0.013752245793
0.0173973077039
0.0164845255869
0.0151977031404
0.0129360502596
0.0121963132773
0.0190975247684
0.0142345073321
0.0147181137582
0.0139505191079
0.0176369155757
0.0147611089173
0.0137372981881
0.0125227573168
0.0138597479842
0.0155396329505
0.0119813315366
0.0128996132876
0.013543559692
0.0133365259139
0.0119904899129
0.0156320729041
0.0150571863575
0.0151558618071
0.0125841219702
0.0118879866809
0.0132748060338
0.01539927904
0.0181481493083
0.012298445387
0.0139330960981
0.0154080686756
0.0147062944777
0.0158882043031
0.016769958621
0.0138418342034
0.013312815171
0.0124401595697
0.0142715673018
0.0127606959501
0.0133512532914
0.0136130938978
0.0147751549859
0.0152238684716
0.0154606718791
0.0124761663756
0.0141582957763
0.0141620904919
0.0147736608206
0.0128859358815
0.010378142609
0.0134947615082
0.0130639368539
0.0127662563619
0.0143839951141
0.017024013871
0.014980744757
0.0153490805861
0.0145341984147
0.0140228841618
0.0128202668521
0.0110007960418
0.0115609160406
0.0148266558385
0.0164714854216
0.0148830537335
0.0169020319046
0.0132397282638
0.0149704556994
0.0121047740787
0.0146625037409
0.013872555771
0.012738772482
0.0150612511939
0.0155008163131
0.0148876726513
0.0190278376451
0.0148008503679
0.0175079789758
0.0187651366903
0.0121360659714
0.0127147240109
0.0177917693298
0.014374721618
