0.0116472209006
0.013761173751
0.0141848426537
0.0146416524491
0.0108213963482
0.0160323023622
0.0136366329425
0.0141666107916
0.0156571706865
0.0140741387443
0.0137152199117
0.0138160431214
0.0135867389822
0.0155139317299
0.0127406374184
0.0133678551713
0.0126234137989
0.0155499821564
0.0146098197353
0.0179219533466
0.0122806714643
0.0142756816242
0.0154588081452
0.0166202550274
0.0143219212567
0.0149704046667
0.0148002234269
0.0115586923358
0.0146129358724
0.0157179780241
0.0130033268498
0.0151498439008
0.0126321026694
0.0167575805575
0.0193193768075
0.0121231051236
0.0145890733688
0.0150020787787
0.0155220249745
0.0145153510054
0.0169400763402
0.0142105981722
0.0157003881313
0.0151225561379
0.015074883888
0.0157038667871
0.0143725999616
0.0156585236781
0.0127861422921
0.0139182916252
0.0144779408495
0.0154109757596
0.0170734034013
0.0163274251186
0.0138487624984
0.0145616169872
0.0149576897861
0.0179214635501
0.0132788901085
0.0137052709115
0.0138721878037
0.0128441461202
0.0138342975014
0.0196737916307
0.01355368627
0.0127921836766
0.016916529936
0.0136075640177
0.0148012589215
0.012021186485
0.0129937912274
0.0119409326847
0.0131584300574
0.0157007591804
0.0122494042867
0.014808281293
0.0116697362318
0.0122363094133
0.0148361424869
0.0127413549242
0.0129676966212
0.0168899832643
0.0145703998002
0.0141774524358
0.0175370696379
0.0150131176245
0.0157643006816
0.0142184802525
0.0147299495802
0.0169405165046
0.0128929311946
0.0135981886861
0.012836183836
0.0134607647625
0.0125820630511
0.0155079884627
0.0130049934216
0.0131005598204
0.0146622348193
0.014071463502
0.0144112985097
