0.0135098546044
0.0116532750924
0.0177459094174
0.0152728662054
0.0148552611563
0.0165425243589
0.0165243869466
0.0145636184094
0.0149497401997
0.0129819405469
0.0154107826247
0.0127398648761
0.0132988401625
0.012203224295
0.0124591436255
0.0137284974793
0.0136924472603
0.0177536391589
0.0169757390518
0.0131303777705
0.013902867887
0.0137070830746
0.0150306334461
0.0123300995128
0.0146899816913
0.010627986193
0.0143736645001
0.0144773355895
0.0169405501709
0.0179755883983
0.0161551164682
0.0112212337678
0.0168044555172
0.0128432240381
0.0140525170574
0.0125661187533
0.0146254345957
0.0128323800248
0.0145706954918
0.0139433943871
0.0145196526054
0.0160579359034
0.0146963189006
0.0152328793269
0.012795374305
0.0136682365102
0.014294467839
0.0139503352365
0.0124843815538
0.0167804641512
0.0144125588835
0.0137383389837
0.0172758261408
0.0130840951389
0.0120257288615
0.0120221621183
0.0157354389543
0.013264041284
0.0145321919435
0.0143064643605
0.0136322664581
0.0159983006106
0.0117894575444
0.0155276591018
0.0140545551046
0.0134694623902
0.0142672103117
0.0154961120159
0.0116288450866
0.0147723504559
0.0149041456493
0.0135317625946
0.0154026878236
0.014931442344
0.0139845583141
0.0145554991833
0.0142286929579
0.0138595357244
0.0139516338423
0.0159955090808
0.0139903821805
0.0132327749493
0.0131537599083
0.0151299571082
0.0127408447821
0.0147965396759
0.0153390073598
0.013356337351
0.0138490833359
0.0133675989153
0.0150057015661
0.0136367313403
0.0159524176495
0.017180162988
0.0134521665504
0.0141107820371
0.0134770321439
0.0138448986618
0.0117621976374
0.0147460140844
0.0142664526363
