0.0128819396204
0.0136461278482
0.0142712633481
0.0149527604753
0.0119476332745
0.0150987507382
0.0130064946172
0.0131722054245
0.0163216383562
0.0140466075477
0.0155605356339
0.0132892328009
0.0141837124082
0.0128275316287
0.0154036757381
0.0162964878417
0.012799425219
0.0147630006573
0.0146722845747
0.0124028050273
0.0158267307821
0.0165717892337
0.0108671981183
0.0133143012747
0.0123235548556
0.0152137153848
0.0130038331605
0.0167136106098
0.0136471474111
0.0142233548964
0.0146513683399
0.0138579415106
0.0159219853925
0.0139503450182
0.011234346268
0.0137601072076
0.0158416063165
0.0152296145929
0.0121882417476
0.0133768982176
0.0117749810313
0.0132168989911
0.0131734127254
0.0148103969066
0.0152289162177
0.0177932974367
0.0131918612607
0.0161243854047
0.0159540860492
0.0137134588018
0.0126481044392
0.0168850821612
0.0155945239616
0.0153623352308
0.0146817933419
0.0147665009485
0.013525081878
0.015267224066
0.0158020709304
0.0149436965789
0.0164370100527
0.0137106822914
0.0150515246337
0.0136620068938
0.0128594313191
0.0126548077313
0.0170540922072
0.0132622525239
0.0136589399034
0.0145930992914
0.0142483127953
0.0131084794965
0.0126565445354
0.0164935784775
0.0160790434858
0.0142623716341
0.0127114971041
0.0155247753426
0.0148744117222
0.0143595415432
0.0125721019291
0.0160388289292
0.0142663404899
0.0164681712824
0.013527912166
0.0123858941967
0.0129687493306
0.0132012947585
0.0145188050401
0.0147041124961
0.0137010478643
0.0127168441579
0.0144380809386
0.0150237783369
0.0154929993831
0.0161091493951
0.0147049235429
0.0159720927473
0.0137521367381
0.0143979502517
0.0143194352844
