0.0168200787781
0.0159168489797
0.0152798079571
0.0142523160777
0.0120929898127
0.014060613183
0.0157945896168
0.0126052481583
0.0112817182158
0.0157510005924
0.0131498176558
0.015504615891
0.0126779791279
0.0151412703176
0.0138060241732
0.012905478756
0.0137686416588
0.0123105662725
0.0172767183565
0.0153042558611
0.0136463912956
0.0150193639991
0.0132163386519
0.0142023707371
0.0137636014209
0.013198957793
0.0111852919747
0.0140655879049
0.0144320461075
0.0139450807784
0.0159254314098
0.0167671198082
0.0121794292675
0.0139209757425
0.0136618855649
0.0148554638281
0.0127103367726
0.0186037234608
0.0166686524004
0.0134495223197
0.0144237472458
0.0139626949997
0.0137053423981
0.0173414875214
0.0121236391176
0.0134688492518
0.0147922535112
0.0134710948928
0.0145342595023
0.0141879995186
0.0160749508685
0.0134714083565
0.0124729119661
0.0132481322994
0.0123469035044
0.0136997376724
0.0150012928868
0.0134281380668
0.013866871182
0.0126286380982
0.0155357355096
0.0146202994675
0.0133116293541
0.0154563332353
0.0163777358926
0.0125072911308
0.0137983447638
0.0153875634191
0.0134820515386
0.0147773225593
0.0174131309121
0.0128040720213
0.0142288546312
0.0139166825118
0.0159149941673
0.0150595257884
0.0148380236025
0.0121926508523
0.0139503552887
0.0158592593768
0.014359209914
0.0165765690927
0.0123941217477
0.018108519339
0.0117629672439
0.015058781672
0.0159807005151
0.0132340880691
0.0138068949731
0.0145035808527
0.0127454515704
0.0122918484195
0.0147197986339
0.0139422471146
0.0135446215751
0.0128249995567
0.0113827496534
0.0143583336942
0.0142894892408
0.0167360767506
0.0142342140919
