0.0135546007793
0.0137315467943
0.014771078792
0.0140615571728
0.0128430795671
0.0127592856073
0.0132168137591
0.0144784368223
0.0164775471216
0.0117272201081
0.0135130367073
0.0145576978135
0.0170640411127
0.0159444368881
0.0133059135594
0.0138305400187
0.0128477964183
0.015432328649
0.014645992003
0.0151364425379
0.0141891594214
0.0180002807712
0.0129873635558
0.0159965050851
0.0124440043384
0.0138517458001
0.0150844971551
0.0133767388603
0.0133549680581
0.0134292819735
0.0165418425751
0.0136444263409
0.0117392336598
0.0123951265264
0.0145720812592
0.0144920462422
0.0138202033035
0.0128161086804
0.014203248603
0.0152089048875
0.0125614523266
0.013272493283
0.0125480844589
0.012659502262
0.0146375290468
0.0111016118628
0.0130636368664
0.0157890174182
0.0162071691603
0.0140624414314
0.0159731260254
0.0152608891128
0.0159481710583
0.0145294916507
0.0131669536507
0.0137188139239
0.0147215258643
0.0118106506594
0.0151492916825
0.0138639859931
0.0169787389021
0.014680859478
0.0113479849304
0.0154017618622
0.015674978415
0.0133451460223
0.0155741291131
0.0168594410827
0.0140789367087
0.01512230851
0.0162188982293
0.0152248475849
0.0157651840655
0.0149497137449
0.0136281142585
0.0151003067978
0.0143946573847
0.0132920439317
0.0120775819399
0.0151727200538
0.0168514773728
0.014097518478
0.0163263458974
0.0157780353523
0.0120756061374
0.0153348294406
0.0135198548725
0.0105646588517
0.0125217178383
0.0153417731043
0.0138982749722
0.0192583338233
0.0115840228851
0.014330358796
0.0157681408914
0.0125656534668
0.0122941936693
0.0143310265399
0.0168543444946
0.0144193287309
0.014286968457
