0.0148450035868
0.0129213493399
0.0109435203674
0.0134603647662
0.0117783574014
0.0122394776778
0.0150798089587
0.0139504861141
0.0151504008883
0.0151169962065
0.016310279406
0.0147593993777
0.0138263318631
0.0126204119475
0.0144978893481
0.0136295177152
0.015917872535
0.011796582552
0.011375392826
0.0132111649786
0.0125818326858
0.0109442037986
0.0149198104537
0.0155953954187
0.0145645489535
0.0146273963797
0.0123003261845
0.0155807833957
0.0159211064979
0.0148965367422
0.0147317701664
0.0144524520571
0.0152787689568
0.0180866352986
0.0128698511534
0.0138680662782
0.0148835622007
0.0117568946002
0.0120883761996
0.017288954281
0.014270406339
0.0119635607612
0.0144031256775
0.0181989396961
0.0159127765462
0.0141951852408
0.012074637573
0.0126212161195
0.012673688273
0.0155999247759
0.0154931935409
0.0129196191491
0.0139994653945
0.0125697913421
0.0159318798575
0.0139055863114
0.0126208474583
0.0136808583055
0.0132580009052
0.0121985535014
0.0140848948052
0.0142096759643
0.0150423621412
0.0129158333324
0.0131089668076
0.0154241080125
0.0143668511079
0.0140894310459
0.0147648848399
0.0134699131642
0.0126816157159
0.0132730199616
0.0150398267896
0.0142247698642
0.0126939328991
0.016660522609
0.0124285664311
0.0144763942469
0.0131828779982
0.0130716223107
0.0122528274538
0.0161938618482
0.0146565152195
0.0127696897784
0.0139246171573
0.014591281885
0.0132120001121
0.0148646836387
0.0146094109379
0.0140911245052
0.0149377482916
0.0111279258347
0.0155793398655
0.0143607645944
0.0156240210669
0.0153396560403
0.0122707107218
0.0133480438035
0.0167212928384
0.0143493242265
0.0140319404619
