0.0123893246569
0.0139048223039
0.0130349038048
0.0142971325894
0.0165167309998
0.0129707539608
0.0142541555131
0.0146361583608
0.0172856020708
0.014560246587
0.0123242391256
0.0126469443688
0.0159765103648
0.0120468902139
0.012814339981
0.0164373013141
0.0138932674028
0.0137575264026
0.0128707044183
0.011955905108
0.0132494901836
0.0131303790828
0.0144484028564
0.0147967474715
0.0127397445565
0.0142706675214
0.0115592115186
0.0146992326588
0.0140325872107
0.0128954045848
0.0169257818219
0.0139477034607
0.0143408836339
0.0156907107057
0.0174926068959
0.0125994629553
0.0151073438772
0.0141378874371
0.0120133755775
0.0133299054108
0.0170742531057
0.0155946974666
0.0150109884357
0.0129026714441
0.0158090810551
0.0170530017957
0.014576019836
0.0145297705931
0.01540712987
0.0137057663988
0.0172952955573
0.0134412880557
0.0151893411694
0.0164003536751
0.0138266368771
0.01322059706
0.0165650783509
0.0111757935151
0.0141636936429
0.0123979421218
0.0130660587767
0.0137957687702
0.0158909457712
0.0125562441047
0.0148585372181
0.0153105130236
0.0133749271662
0.0135039146816
0.0128486505558
0.0117016331262
0.0140291373322
0.0192508877395
0.0145818953203
0.0137091011741
0.01254670006
0.0133041194514
0.0174182312021
0.015501227011
0.0114867802097
0.01358033461
0.0144681831627
0.0142999923864
0.0122807637046
0.0125368065592
0.0161581262036
0.0135517871759
0.0131468813069
0.0159833570387
0.0153551113335
0.0126709900001
0.0132524515602
0.0177508331158
0.0125412372298
0.0111318120811
0.0144762371472
0.0159340615259
0.0139423371789
0.0121521689331
0.014179100917
0.0128830293389
0.014163312642
