0.0130240838729
0.0137722779389
0.0118121884407
0.0137851749237
0.0134814711955
0.0160298822545
0.017447086497
0.0144729270449
0.016886681732
0.015539230001
0.0132494229679
0.0133700010188
0.0126980218267
0.014828871675
0.0149734821491
0.0136874557635
0.0108167516369
0.0161693267714
0.0123189835786
0.0145265623612
0.0122349581943
0.0149118936075
0.0150856076369
0.0148412394563
0.0155431666312
0.0137496391151
0.0126932202482
0.0128506396734
0.0148225973183
0.0134092317923
0.0166156870092
0.0134507372245
0.0135433442578
0.0131647707159
0.0145212663777
0.0122839699004
0.0151760661923
0.0151423240217
0.0129605697508
0.0122317256027
0.0147387212593
0.0146393528686
0.0143453733579
0.0148052353718
0.0133890864829
0.0162117627071
0.0157686994182
0.0133513683958
0.0152756883571
0.0152781867305
0.0132824960957
0.0117206218684
0.013641098581
0.0130485315942
0.0144072246939
0.0181673960527
0.0189918563658
0.0142596991673
0.0158973411533
0.0159732614573
0.0141955039933
0.0162183618287
0.0141923109526
0.0119411739956
0.0125805453643
0.014141725076
0.0133272915059
0.0161511135572
0.0146875261781
0.0118418732861
0.0119878375583
0.0149218146224
0.0129770626844
0.0138754413627
0.0120888773554
0.015328930399
0.017316670648
0.0154515014675
0.0130945433206
0.0116592593338
0.0144601557272
0.0131374801659
0.0111466929683
0.0158880698853
0.0154837880844
0.0143387490989
0.0131583094761
0.0146100508813
0.0124065246385
0.0121447649831
0.0153949017647
0.0169676500935
0.0137757562695
0.0124671855037
0.013826591267
0.014269631754
0.0137986388231
0.0156950558049
0.011995015922
0.0156025199142
0.0141786243787
