0.000151561661322
0.0001522530626
0.000155310380094
0.000156733105572
0.000149574980448
0.000151563123033
0.00015828188663
0.00015022620023
0.000148598067228
0.000141777718789
0.000148808646812
0.000140396033293
0.000155984822473
0.000149458418511
0.000149227846341
0.000141338873083
0.000138370877888
0.000163814542575
0.000167369541107
0.000153386849387
0.000148598233957
0.000138130903629
0.000179322454322
0.0001624841855
0.000152363187773
0.00014359192596
0.000155452981046
0.000152815873436
0.000157923465437
0.000144448376682
0.000140074314084
0.000149014051006
0.000152168116236
0.000155755435103
0.000136837685006
0.000150671683583
0.000141296608016
0.000153780310824
0.000154955572892
0.000145013744283
0.000150572265187
0.000152927967541
0.000158568341007
0.000161030926497
0.000161384542486
0.000144158573456
0.000142774216091
0.000160876610639
0.000147665226916
0.000140207663041
0.000158179797641
0.000154951845889
0.000153752734634
0.000142209625949
0.000150242625548
0.000154314479836
0.000161799174608
0.000138975124528
0.000145344636699
0.000148918488751
0.000148784536158
0.000152220532419
0.000149685830807
0.000160266267187
0.000153959630607
0.000151004678484
0.000138845310322
0.000148099350677
0.000155352783337
0.000144816521806
0.000162611453022
0.000146143571834
0.000160624399976
0.000148167092789
0.000144005824738
0.000157842310168
0.000141153775041
0.000152800040045
0.000170520171192
0.000147398219832
0.000163310555315
0.000142481100387
0.000143166459269
0.000153667602083
0.000143937089656
0.000156605945369
0.000155351474325
0.0001467466346
0.000150210701254
0.00015153317351
0.000140107457124
0.000150673684636
0.000150193636998
0.000153837215311
0.000145761500325
0.000151151628561
0.000150156174587
0.00016145242453
0.000148904538092
0.000161691791718
0.000151228337012
