0.000125637005472
0.000141558441942
0.000129052326136
0.000121586279777
0.000127795151057
0.000135160641236
0.000138554637152
0.000137230708783
0.000138140211153
0.000123533760978
0.00014179018498
0.000138925166628
0.000130090048979
0.00013881790091
0.000139369315411
0.000133441723727
0.000130423716262
0.000138976331059
0.000127817764127
0.000151311978393
0.000136307024196
0.000132985484583
0.000136933838245
0.000132102434235
0.000126879204843
0.000134619324594
0.000138148981207
0.000134757299079
0.00014485610385
0.000128150190438
0.000136163691022
0.000130794486448
0.000133408177426
0.000132402719991
0.000132600790365
0.000145242202088
0.000131386186842
0.000118465474667
0.000132472832344
0.000133328961919
0.000132497426034
0.000138935746259
0.000136632961537
0.000131958404513
0.000133528125727
0.00012418893723
0.000145361973634
0.000133394178413
0.000126319759125
0.00012938441608
0.000132888486989
0.000133963544182
0.000129185392742
0.000134916543163
0.000139819951006
0.00013145577368
0.000139819325127
0.000142143576483
0.000122843816217
0.000138550116334
0.00012147881771
0.000137252229594
0.000134168968584
0.000133191203646
0.000138511879216
0.000145701009676
0.000135741525249
0.000140027911933
0.000135732377586
0.000124430415688
0.00013841784471
0.000132931346625
0.000139477651087
0.00013637436968
0.000131978415396
0.000136835487923
0.000141582306781
0.000125123952453
0.000131082946985
0.000119703983802
0.000125682025416
0.000141512745604
0.000120032359062
0.000135157891167
0.000130760695628
0.000126194413838
0.000134331529378
0.000123368031548
0.000131441998457
0.00012368523933
0.000138259520606
0.000127418715969
0.00013803183113
0.000127231943422
0.000138535231159
0.000122509325665
0.000132817116284
0.00013089226344
0.000123447526421
0.000127273449218
0.000133173356541
