0.000151249747244
0.000128505538753
0.000135551098148
0.000125755663312
0.000124157338158
0.000143446525639
0.000131581076732
0.000125983434721
0.000114609216196
0.000126247374195
0.000137628095055
0.000128363807996
0.000129485056406
0.000124578732788
0.000131038988602
0.000130930892842
0.00011960655916
0.000122943128991
0.000129501818892
0.000123264956827
0.000130215766355
0.000122592140889
0.000132586125073
0.000133552031713
0.000134839530954
0.00011476910824
0.000128235513073
0.000125614160857
0.000138289948742
0.000135109003073
0.000137291915879
0.000130607766006
0.000133432952607
0.000121220646564
0.000125001167717
0.000137784586245
0.000126790544752
0.000141582481157
0.000148100362191
0.000138540603261
0.000134858611681
0.000126218522659
0.000119823111148
0.000134866086378
0.000122899927826
0.00014606820711
0.000136316996537
0.000119662867965
0.00012478310647
0.000121544499474
0.0001190070284
0.000132916042957
0.000135710599893
0.000130476230344
0.000133130448209
0.000138931886705
0.000132604122822
0.000125907679198
0.000125092508784
0.000124890565622
0.000117875172203
0.000131882572562
0.000126866398677
0.000138300977368
0.000121234045666
0.000136582439722
0.000132424634022
0.000122146209111
0.000131254523245
0.000134399593406
0.00012028607069
0.000130102348832
0.000129868863809
0.000135184405478
0.000133464919976
0.000131177838136
0.000106779817576
0.000123027148354
0.000132175292827
0.000123532335659
0.000131698324644
0.000130278827737
0.000126137950551
0.000113871004844
0.000128208594564
0.000123585375669
0.000115972909222
0.000124451532904
0.000124266376111
0.000111003585716
0.000129342297073
0.000140723428879
0.000141225722205
0.000132959693917
0.000133155687863
0.000135748497503
0.000133632867978
0.000121742410071
0.000134050411339
0.000126937564073
0.000129238531264
