0.000139452198562
0.000134023488141
0.000141512875957
0.000141202815531
0.000149208182369
0.000142925189135
0.000147519196233
0.000154050271591
0.000150506085815
0.000141703388628
0.000149140072661
0.000142832506383
0.000145209300002
0.000151841820142
0.000146268124344
0.000151121409368
0.000145207743883
0.000141142194647
0.000149301476121
0.000153365734416
0.000137483722338
0.000141614678117
0.000143638379016
0.000142917045519
0.000139017901837
0.00014545880705
0.000142535127005
0.000151461441758
0.000143895494735
0.000126148625048
0.000143930784611
0.000132775021191
0.000131103992575
0.000153092268615
0.000150377762909
0.000150613845732
0.000143554192051
0.000140665812351
0.000144215085796
0.000144645188119
0.000139669502529
0.000146432815529
0.000140757206938
0.000143298016763
0.000138876189385
0.000126984929561
0.000146136817028
0.000153641941145
0.000138897614823
0.000149764297417
0.000123821854984
0.000148302605659
0.000144047942765
0.000153247687823
0.000147210947035
0.000137900409545
0.000140125465316
0.000130535116722
0.000159406986992
0.000145376205722
0.000151044466574
0.000139376963925
0.00013649840801
0.000150330395523
0.000134694690676
0.000155120962274
0.000157960245838
0.000145815506133
0.000126679054845
0.000147765302422
0.00013932181316
0.000132732033708
0.000144187694052
0.000127817923187
0.000140902230571
0.000144403765666
0.000146209078749
0.000130473372249
0.000152764849863
0.000132223772584
0.000143015474035
0.00013560493683
0.000141706723323
0.000138455491296
0.000134358634102
0.000144142733636
0.000142017367814
0.000140746447438
0.000142797236567
0.000142357410864
0.00013135431551
0.000150167658351
0.000144895700017
0.000131160484794
0.000140516914038
0.000142585779677
0.000147575520357
0.000155358678107
0.000145184132048
0.000145480465398
0.000142969184382
