0.000138426416778
0.000132175797134
0.000146114789841
0.000136810608792
0.000135627400853
0.000147878630562
0.000145203780607
0.000151179197278
0.000148063192491
0.000130353294473
0.000148093428187
0.000142728268197
0.00016203130951
0.000145582154463
0.000155084861808
0.000150108771655
0.000142497778172
0.000148822724037
0.000143827838524
0.000158700123739
0.000166790150354
0.000143801165229
0.000149647452674
0.000146743592047
0.000153523152511
0.000144408090918
0.000150651913772
0.000149822951396
0.000151050488754
0.000134356779641
0.000152799168913
0.000143810073798
0.000130519669554
0.000129148531286
0.000148888313985
0.000150088465216
0.000147555549902
0.000144566662835
0.000140170127018
0.000152536536149
0.000151804459213
0.000148950367246
0.000159431738383
0.000140965266035
0.000146109692758
0.000152431024117
0.000136371417068
0.000135658066754
0.00015313059778
0.000149849285084
0.000155945728313
0.000141264890491
0.000149876553782
0.000141297381922
0.00015192384939
0.000140117172701
0.000144309802637
0.000139542529319
0.000146197735194
0.000144401102881
0.000149887193622
0.000132668426157
0.000160717023127
0.000151778459919
0.000151184344208
0.000146869000178
0.000147530032433
0.000144331912552
0.000134690075217
0.000145218891963
0.000134624192646
0.000141004463919
0.000140951623371
0.000149667312194
0.000149379339674
0.000148074500324
0.000148165138734
0.00013696496793
0.000148873461247
0.000145834367386
0.000132737136673
0.000147141759763
0.000146592241763
0.000142830137826
0.00013883297277
0.00013805453314
0.00015512955149
0.000148687237341
0.000147391450618
0.00014162506736
0.000143840782074
0.000136041670615
0.000142283406398
0.000137942272205
0.00013856813853
0.000154960368426
0.000151474458125
0.000138869766358
0.000147914265803
0.00015359897516
0.000145626987834
