0.000133925256894
0.000130756629195
0.000129997656019
0.000144902268053
0.00013480135832
0.000123025392495
0.000126068097197
0.000145236803779
0.000127055886678
0.000136630553482
0.00014002549911
0.000141437794454
0.000130644408067
0.00013525443943
0.000133561466866
0.000137461230299
0.000134136538433
0.000136052561143
0.000142299384709
0.000149177012633
0.000133247781714
0.00013491125369
0.000143486734443
0.000128591362811
0.000143499903334
0.000142845867149
0.000141799143126
0.000146089395572
0.000142264580179
0.000138907186285
0.000127373232894
0.000138688648365
0.000134207173667
0.000151365217714
0.000125845851233
0.000142575058201
0.00012672712583
0.000133802669042
0.000137063381808
0.000127242198352
0.000130319828091
0.00012925091137
0.000133458320452
0.000147608506353
0.000143182674296
0.000131738199994
0.000137826272191
0.000135726139788
0.000138452865863
0.000129511369493
0.000136083414611
0.000124862025258
0.000140210485967
0.000151521031967
0.000137510201471
0.000133339161975
0.000138359437268
0.000131438861891
0.000127279148882
0.000140764395624
0.000135176782385
0.00013159024691
0.000134568620932
0.000126366794147
0.000146425936039
0.000135106878477
0.000132462913981
0.000140555495608
0.000141209929519
0.000133718702121
0.00013738607024
0.000127693613843
0.00013659751459
0.000123570391885
0.000133416750258
0.000133931052745
0.000145494439706
0.000139762685743
0.000139129702219
0.000131093417437
0.00012800608324
0.000129941849248
0.000127875118037
0.000153776721986
0.000129982995703
0.000136681638603
0.000123233396745
0.000136825408048
0.000131260786272
0.000143164602769
0.000141839390674
0.000143474279652
0.000126440887865
0.000146617754529
0.000127661067007
0.000135287844705
0.00015338029294
0.000140452430214
0.000147716787376
0.000136181447828
0.000136164859777
