0.000125769129075
0.000145672951933
0.000123138123406
0.000120745042674
0.000123156212288
0.000129425623578
0.000135632015172
0.00013388698954
0.000132505118896
0.000129706936663
0.000118465168424
0.000133254784078
0.000127853283976
0.000135511737146
0.000126350855394
0.000130166305281
0.000135299062671
0.000132964657068
0.00012269966342
0.00014119162134
0.000127449188475
0.000127399906372
0.000135707098415
0.000123832918713
0.000139350508303
0.000125792416801
0.000116159251736
0.000131181130646
0.000125890343818
0.000133482879412
0.000134427036347
0.000125726775223
0.000123524709727
0.000120503300233
0.000129674177488
0.000139502423453
0.000130399318383
0.000132754903759
0.000134156574798
0.000121410344111
0.000137499865395
0.000134797800298
0.000135921899325
0.000138462524556
0.000128634153116
0.000122832816216
0.000132417110106
0.000130636917342
0.000122519000057
0.000122148929989
0.000135282571676
0.000122380846986
0.000122146701496
0.000125003559494
0.000135364062099
0.00012934145753
0.000141267291224
0.000139600348086
0.000125937691603
0.000125810224896
0.000122113303195
0.000124011014627
0.000129057467949
0.000133463117119
0.000118028288127
0.000127965817056
0.000133425753993
0.000137918647659
0.000126898806978
0.000130661321863
0.00013869041134
0.000120540274778
0.000114740466218
0.000126059612064
0.000145277817084
0.00012932861338
0.000133435398606
0.000133741736675
0.000123988857431
0.000127729931951
0.000142000239371
0.000122007866747
0.000133390221252
0.000127312931566
0.000125169096644
0.000116177604826
0.000117781536096
0.000132775242936
0.000122732269089
0.000122144607918
0.000123209628102
0.000122303188632
0.000130139235416
0.000136501211518
0.00012558156505
0.000128187292283
0.00013330081639
0.000123061712564
0.000131045078862
0.000126550316417
0.000129081745795
