0.000120173985141
0.000120782156451
0.000118817502373
0.000129372672621
0.000115118563469
0.000133423977809
0.000134912104338
0.000122699886696
0.000131828310895
0.000121491627773
0.000122684825132
0.00012100306911
0.000123151787765
0.000135784178059
0.000120353336325
0.000129965310832
0.000123594412389
0.000123958419934
0.000116374804059
0.000120786407469
0.000115341626408
0.000116536235943
0.000136349294973
0.000134440891033
0.00013252480715
0.000137008010562
0.000112966006607
0.000115525856697
0.000116754718691
0.000138072148953
0.000134187549071
0.000118598478889
0.000130359037853
0.000120661868967
0.0001231758722
0.000120156015244
0.000124764849547
0.000124917046077
0.000124604628839
0.000123028836113
0.000119680372921
0.000120070701661
0.000132234332221
0.000129777084525
0.000128323094931
0.000127460389082
0.000132978912298
0.000128129869369
0.000118876145282
0.000122257749662
0.000121984671622
0.000135918693392
0.000112799011052
0.000126163791262
0.000130883706732
0.000109062514061
0.000126207883021
0.000116820868458
0.000138515253381
0.000130432667591
0.000130775021504
0.000125419185267
0.000124538315428
0.000115412148969
0.00012979882489
0.000124397797496
0.000119454337166
0.000132712142946
0.000119860945705
0.000129589186201
0.00011326143432
0.000119748941112
0.000129318847424
0.000137939100792
0.000117522634715
0.000124953468223
0.000124495823047
0.000127262737673
0.000143349596743
0.000138152228535
0.000128186132388
0.000122835370595
0.000114554387604
0.000128037424462
0.000123344921288
0.0001345223995
0.000120453886506
0.000125064845394
0.000119881108454
0.000129139303185
0.000113127363731
0.000120347938881
0.000127175041213
0.000116975875989
0.00013516288238
0.00011978328855
0.000130272183643
0.000122584684731
0.000131031035467
0.000112977692896
0.00012498249316
