0.000138289864246
0.000141698567374
0.000126051305621
0.000138562332899
0.000126817421866
0.000130533740972
0.000141708286191
0.000122846789501
0.000123925486214
0.000124190513215
0.000123145611351
0.000142951409627
0.000135481401648
0.000133797156942
0.00013185577296
0.000137884404265
0.000123148225704
0.000133874049114
0.000128753166754
0.000129311899056
0.00013500186136
0.000138095839702
0.000129090242223
0.000129643390467
0.000122878397675
0.000125815191119
0.000125835529965
0.000133195717244
0.000127834060277
0.000142389987091
0.000123588863951
0.00012508181248
0.000127329620476
0.000128382150242
0.000129726746019
0.000123896841257
0.000126914866234
0.000129725505942
0.000132036241773
0.000129694016542
0.000138823188747
0.000126789640741
0.000132333270021
0.000126834014529
0.000126865811506
0.00013527773696
0.000141328762907
0.000139580523557
0.000130843385218
0.00012611318797
0.000140383157822
0.000134382690301
0.000130494822844
0.00013343054687
0.000144560291725
0.000130623562742
0.000140881406571
0.0001341236979
0.000137372278604
0.000139965051274
0.00012518221473
0.000131325591932
0.000125954533842
0.000137879873924
0.000135806424969
0.000128843462492
0.000122269313563
0.000128291740655
0.000134646388796
0.000135855428864
0.000136057128696
0.000144857080508
0.00014834812661
0.000124597515038
0.000135858920421
0.000138297935257
0.000132871288904
0.000138587504041
0.000133636811142
0.000136755503029
0.00013055065327
0.000130773353122
0.000124639276216
0.000128568557892
0.000119487259549
0.00013629992236
0.000142443454341
0.000134290469873
0.000130471017959
0.000143689202916
0.000130830519705
0.000128528509193
0.000120266857989
0.000129286682241
0.000130729566844
0.000131477952644
0.000131632498967
0.0001377122833
0.000128007615277
0.000135315231255
0.000132129149887
