0.000130190292806
0.000134375169097
0.000123816821061
0.000133954904836
0.000126170618642
0.00011626623587
0.000121142503873
0.000114639837162
0.000139524777038
0.000129512416939
0.000120557412559
0.000129757890091
0.000128841952293
0.000121744318278
0.00012328921819
0.000123801679002
0.000132539003965
0.000132303166817
0.00012903953379
0.000117779239253
0.000104095652925
0.000133105500755
0.000137623346305
0.000133701558798
0.000125184995207
0.000129062008408
0.000146915245495
0.000140139024008
0.000132597951781
0.000126330592074
0.000125273219337
0.000130748404736
0.000124432485696
0.000130668735282
0.000132485734788
0.000129638667821
0.000117128834948
0.000125066734553
0.000129118525773
0.000128001808633
0.000128217099083
0.000134443307776
0.000131128393662
0.000127207187155
0.000131749683213
0.000121755328674
0.000128482093556
0.000123862108266
0.000132945109496
0.000124382518654
0.000119632200066
0.00012531392863
0.000133930360605
0.000130315311652
0.000123332051501
0.000128700688346
0.000123817783046
0.000125741284636
0.000129909566792
0.000138707721254
0.000121200830381
0.000135996434238
0.000149434616368
0.000135541750887
0.000136780247435
0.000117469776089
0.000133047290778
0.0001273531844
0.000124194310676
0.000133582837241
0.000137688437297
0.000127421504925
0.000125180892473
0.000137220438521
0.000148328517887
0.000130044161957
0.000129156357976
0.000141016839211
0.000128606715064
0.000141394661099
0.000136140810743
0.000134808065353
0.00013035466785
0.000134221089112
0.00012989294934
0.000132321161923
0.00014124741841
0.000122237522656
0.000143488339928
0.000120922277097
0.00011995595923
0.00013757311717
0.00014040316739
0.000137653356631
0.000123384589258
0.000121625465133
0.00014543744836
0.000137187097942
0.000126277902916
0.000137013799536
0.000129869457558
