0.000128269435029
0.000120900038797
0.000134518782349
0.000131809062401
0.000130521001406
0.000120700151517
0.000130344295026
0.000127313523467
0.000111865433781
0.000123750211718
0.000118272920065
0.00012680500803
0.000124535274451
0.000125638147009
0.000126520594162
0.000114533628475
0.000129324434253
0.000125090899983
0.000125810658241
0.000132989443794
0.000114908048125
0.000121096329285
0.000122608549671
0.000118156049267
0.000129671267099
0.000130030719963
0.000129480800387
0.000121441540581
0.00012828509873
0.000118632990915
0.00012433715217
0.000131153936257
0.000130050721143
0.000116140708883
0.000119074519391
0.000127136935808
0.00012432363263
0.000125936048473
0.000131637126185
0.000125674532002
0.000121317514216
0.000132615197203
0.000139034510485
0.000117938927521
0.000131350855611
0.000117318490988
0.000119988828865
0.000126526543398
0.000119981424898
0.000126931772663
0.000123134850948
0.000129065870479
0.000125789512857
0.000121790522845
0.000129070070627
0.000124234723354
0.00012504481647
0.000112268518616
0.000126721812625
0.000114913355817
0.0001275052864
0.000119010035418
0.000125340726345
0.000129644111807
0.000138305109673
0.000123139198592
0.000142986383652
0.000122428398078
0.000120285106689
0.000133119702367
0.00011039022316
0.000127129617173
0.000119290922541
0.000120884597229
0.000118694428151
0.000120357602102
0.00012406412234
0.000132169637516
0.000125638120899
0.000137296967759
0.000128157405913
0.000115497629591
0.000118746448843
0.000123397400013
0.000121234236027
0.00013080377679
0.000126717314184
0.000124843800823
0.000133436476896
0.000114955330475
0.000121918414234
0.000137210996821
0.000131552743039
0.000124666618497
0.000130248626432
0.000122685572033
0.000120389313384
0.000121324316427
0.000118874217301
0.000117031368381
0.000124857000754
