0.000132402451282
0.000131968723366
0.000127971283854
0.000132908848108
0.000128463963418
0.000114749348174
0.000120492443051
0.000151180288328
0.000129793611101
0.000126524446515
0.000127940467468
0.000124359890172
0.000146797085498
0.00013589217829
0.000137732122602
0.000134574040219
0.000126891627881
0.000134908750894
0.000122844933288
0.000127027480391
0.000136276717219
0.000128354571609
0.000134213646491
0.000133879459973
0.000123838966583
0.000123565239309
0.000136884127312
0.000133649859221
0.000124460494556
0.00013558406675
0.000139330670508
0.000124645405258
0.000129071153031
0.000132967562021
0.000144192355403
0.000135630801266
0.000122738233295
0.000127878958997
0.000118010230467
0.000139367405576
0.000114978631358
0.00013326353989
0.000123102230603
0.000134983969245
0.000136899038833
0.000127870103653
0.000128096116812
0.000133167719225
0.000121081543063
0.00013802126272
0.000127366213151
0.000128207205357
0.000127731071795
0.000139611083314
0.00013955985919
0.000118872443734
0.000119138590535
0.000137515420264
0.000120173378197
0.000113609022316
0.000126431997116
0.000121916765052
0.00013059267889
0.000140035619937
0.000126651845713
0.000128545911678
0.000124224916988
0.000135266895953
0.000131501896617
0.000128242180584
0.000117485990401
0.000123768102739
0.000127131546364
0.000120650567649
0.00012595017287
0.000122957837378
0.000129348092473
0.000142662820432
0.000140649278999
0.00012675735679
0.000121769506216
0.000133984802554
0.000140321688088
0.000141845317555
0.000125739999136
0.000130383088975
0.000125223001122
0.000122642060741
0.000119652959999
0.000127246189772
0.000123037281864
0.000143072261741
0.000120718986131
0.000127712703541
0.000126826358632
0.000119293708848
0.000137461357278
0.000133898297982
0.00013667210068
0.000123760389285
0.000129552468868
