0.000134069757136
0.000136142529975
0.000140592323423
0.000140784308159
0.000134508791447
0.000134061684304
0.000134498957786
0.000136276639541
0.000139586553016
0.000140186688367
0.000131777183471
0.000133309937507
0.000136400546454
0.000125224705336
0.000148171342223
0.000139825523087
0.000140612883538
0.000133138611609
0.000139451422718
0.000125372729672
0.000131568113017
0.000131170720598
0.000138923349173
0.000133651061908
0.000123400325109
0.000133567765521
0.000133921797843
0.000136351192958
0.000148484352219
0.000135979751368
0.000134849034316
0.000153162535022
0.000130049352103
0.000136412167657
0.000134855899768
0.000133625795563
0.000138785410017
0.000141654171991
0.000129207712782
0.000144284772709
0.000143106322154
0.00014180104022
0.000142604332639
0.000146027017595
0.000135333435365
0.000153868775504
0.00013356340643
0.000131856756666
0.000125374532925
0.000140458989496
0.000134544089592
0.000140119918761
0.000148602886086
0.000133691515262
0.000123008062796
0.000141525411041
0.00013736406262
0.000143626606656
0.000135154247472
0.000137112122601
0.000144766418074
0.00012612843508
0.000132533935005
0.000130677811683
0.000146805224247
0.000129884587018
0.000129141634708
0.000127037960987
0.000137403796925
0.000132020262955
0.000141474304904
0.00013901544415
0.000127945191415
0.000129089588945
0.000135236486235
0.000140411587213
0.000142855499381
0.000137646080068
0.000140699713811
0.000130144820019
0.000143023531268
0.000127458530946
0.000144288365826
0.000145471975868
0.000133572443939
0.000134263923372
0.0001371681297
0.00012799533729
0.000145713332962
0.000132428842507
0.000142612914778
0.000139016660438
0.000131362680344
0.000142579188904
0.000124872074548
0.000143523508333
0.000139016152831
0.000131741202412
0.000136749353186
0.00014164428328
0.000136620631478
